100 4950
1 2 98
1 3 160
1 4 807
1 5 477
1 6 873
1 7 782
1 8 426
1 9 83
1 10 775
1 11 451
1 12 719
1 13 676
1 14 895
1 15 227
1 16 81
1 17 59
1 18 726
1 19 598
1 20 777
1 21 145
1 22 351
1 23 892
1 24 111
1 25 919
1 26 219
1 27 986
1 28 633
1 29 687
1 30 420
1 31 303
1 32 175
1 33 540
1 34 557
1 35 112
1 36 422
1 37 988
1 38 385
1 39 111
1 40 881
1 41 441
1 42 329
1 43 209
1 44 608
1 45 202
1 46 644
1 47 958
1 48 542
1 49 921
1 50 198
1 51 68
1 52 126
1 53 262
1 54 866
1 55 696
1 56 914
1 57 266
1 58 216
1 59 357
1 60 641
1 61 768
1 62 767
1 63 876
1 64 453
1 65 391
1 66 587
1 67 647
1 68 140
1 69 541
1 70 299
1 71 900
1 72 656
1 73 649
1 74 507
1 75 937
1 76 797
1 77 37
1 78 821
1 79 417
1 80 569
1 81 115
1 82 922
1 83 495
1 84 388
1 85 75
1 86 805
1 87 485
1 88 868
1 89 998
1 90 964
1 91 926
1 92 269
1 93 582
1 94 854
1 95 944
1 96 793
1 97 371
1 98 399
1 99 216
1 100 148
2 3 370
2 4 5
2 5 772
2 6 809
2 7 333
2 8 942
2 9 170
2 10 728
2 11 492
2 12 416
2 13 261
2 14 586
2 15 516
2 16 587
2 17 985
2 18 359
2 19 110
2 20 70
2 21 137
2 22 449
2 23 183
2 24 139
2 25 836
2 26 875
2 27 726
2 28 877
2 29 517
2 30 64
2 31 734
2 32 964
2 33 145
2 34 723
2 35 182
2 36 730
2 37 476
2 38 71
2 39 433
2 40 347
2 41 691
2 42 604
2 43 253
2 44 955
2 45 834
2 46 401
2 47 650
2 48 942
2 49 515
2 50 365
2 51 969
2 52 882
2 53 344
2 54 421
2 55 601
2 56 493
2 57 42
2 58 805
2 59 832
2 60 819
2 61 694
2 62 842
2 63 507
2 64 734
2 65 708
2 66 333
2 67 431
2 68 317
2 69 555
2 70 14
2 71 265
2 72 603
2 73 358
2 74 248
2 75 121
2 76 291
2 77 118
2 78 891
2 79 990
2 80 657
2 81 924
2 82 582
2 83 17
2 84 522
2 85 108
2 86 812
2 87 59
2 88 577
2 89 505
2 90 162
2 91 809
2 92 566
2 93 194
2 94 447
2 95 430
2 96 734
2 97 264
2 98 359
2 99 606
2 100 541
3 4 753
3 5 291
3 6 146
3 7 902
3 8 597
3 9 294
3 10 377
3 11 419
3 12 654
3 13 533
3 14 641
3 15 663
3 16 675
3 17 273
3 18 727
3 19 357
3 20 74
3 21 201
3 22 159
3 23 191
3 24 699
3 25 700
3 26 177
3 27 117
3 28 903
3 29 86
3 30 195
3 31 332
3 32 566
3 33 858
3 34 728
3 35 250
3 36 697
3 37 162
3 38 844
3 39 667
3 40 13
3 41 385
3 42 355
3 43 490
3 44 651
3 45 623
3 46 551
3 47 456
3 48 958
3 49 939
3 50 92
3 51 969
3 52 613
3 53 63
3 54 560
3 55 226
3 56 624
3 57 986
3 58 274
3 59 236
3 60 847
3 61 652
3 62 724
3 63 109
3 64 671
3 65 673
3 66 218
3 67 498
3 68 647
3 69 198
3 70 650
3 71 152
3 72 897
3 73 972
3 74 237
3 75 25
3 76 878
3 77 254
3 78 912
3 79 110
3 80 266
3 81 591
3 82 144
3 83 973
3 84 909
3 85 194
3 86 239
3 87 79
3 88 28
3 89 544
3 90 684
3 91 444
3 92 363
3 93 982
3 94 573
3 95 795
3 96 911
3 97 20
3 98 696
3 99 238
3 100 526
4 5 580
4 6 700
4 7 784
4 8 548
4 9 357
4 10 251
4 11 616
4 12 963
4 13 285
4 14 713
4 15 225
4 16 233
4 17 107
4 18 777
4 19 285
4 20 178
4 21 979
4 22 633
4 23 740
4 24 566
4 25 762
4 26 418
4 27 422
4 28 842
4 29 589
4 30 786
4 31 295
4 32 698
4 33 223
4 34 461
4 35 489
4 36 191
4 37 160
4 38 222
4 39 251
4 40 482
4 41 738
4 42 766
4 43 318
4 44 509
4 45 379
4 46 851
4 47 884
4 48 196
4 49 985
4 50 600
4 51 657
4 52 302
4 53 889
4 54 277
4 55 929
4 56 147
4 57 589
4 58 316
4 59 731
4 60 602
4 61 232
4 62 557
4 63 788
4 64 658
4 65 96
4 66 217
4 67 737
4 68 448
4 69 571
4 70 31
4 71 653
4 72 203
4 73 321
4 74 971
4 75 243
4 76 739
4 77 359
4 78 551
4 79 348
4 80 628
4 81 376
4 82 422
4 83 371
4 84 702
4 85 263
4 86 175
4 87 144
4 88 258
4 89 150
4 90 474
4 91 561
4 92 675
4 93 743
4 94 822
4 95 790
4 96 199
4 97 594
4 98 709
4 99 529
4 100 435
5 6 937
5 7 144
5 8 870
5 9 998
5 10 663
5 11 231
5 12 372
5 13 559
5 14 781
5 15 736
5 16 71
5 17 575
5 18 337
5 19 585
5 20 595
5 21 598
5 22 38
5 23 928
5 24 881
5 25 479
5 26 302
5 27 511
5 28 846
5 29 622
5 30 963
5 31 171
5 32 235
5 33 713
5 34 935
5 35 628
5 36 270
5 37 69
5 38 130
5 39 478
5 40 825
5 41 199
5 42 393
5 43 765
5 44 339
5 45 939
5 46 573
5 47 73
5 48 904
5 49 155
5 50 398
5 51 598
5 52 757
5 53 850
5 54 397
5 55 796
5 56 715
5 57 513
5 58 660
5 59 935
5 60 923
5 61 226
5 62 727
5 63 818
5 64 660
5 65 459
5 66 477
5 67 180
5 68 7
5 69 311
5 70 678
5 71 945
5 72 156
5 73 491
5 74 377
5 75 267
5 76 213
5 77 807
5 78 44
5 79 899
5 80 732
5 81 157
5 82 782
5 83 917
5 84 334
5 85 629
5 86 86
5 87 908
5 88 346
5 89 410
5 90 124
5 91 517
5 92 533
5 93 948
5 94 211
5 95 874
5 96 111
5 97 770
5 98 225
5 99 874
5 100 737
6 7 254
6 8 488
6 9 831
6 10 829
6 11 390
6 12 226
6 13 42
6 14 206
6 15 418
6 16 638
6 17 959
6 18 592
6 19 309
6 20 307
6 21 753
6 22 884
6 23 314
6 24 781
6 25 905
6 26 247
6 27 575
6 28 230
6 29 229
6 30 719
6 31 921
6 32 11
6 33 507
6 34 868
6 35 895
6 36 559
6 37 883
6 38 471
6 39 354
6 40 609
6 41 991
6 42 814
6 43 519
6 44 684
6 45 122
6 46 878
6 47 711
6 48 102
6 49 301
6 50 669
6 51 309
6 52 16
6 53 559
6 54 245
6 55 510
6 56 170
6 57 360
6 58 851
6 59 216
6 60 282
6 61 622
6 62 73
6 63 678
6 64 796
6 65 58
6 66 37
6 67 76
6 68 552
6 69 323
6 70 753
6 71 475
6 72 55
6 73 835
6 74 19
6 75 568
6 76 375
6 77 410
6 78 374
6 79 101
6 80 2
6 81 424
6 82 573
6 83 269
6 84 10
6 85 941
6 86 800
6 87 98
6 88 433
6 89 265
6 90 686
6 91 32
6 92 6
6 93 503
6 94 294
6 95 141
6 96 235
6 97 684
6 98 473
6 99 204
6 100 601
7 8 657
7 9 815
7 10 683
7 11 98
7 12 957
7 13 117
7 14 127
7 15 967
7 16 28
7 17 250
7 18 189
7 19 826
7 20 444
7 21 531
7 22 335
7 23 97
7 24 955
7 25 357
7 26 607
7 27 384
7 28 285
7 29 701
7 30 668
7 31 367
7 32 513
7 33 771
7 34 947
7 35 259
7 36 466
7 37 678
7 38 834
7 39 317
7 40 832
7 41 391
7 42 712
7 43 903
7 44 948
7 45 103
7 46 648
7 47 169
7 48 5
7 49 613
7 50 466
7 51 929
7 52 403
7 53 130
7 54 269
7 55 619
7 56 286
7 57 56
7 58 660
7 59 320
7 60 167
7 61 603
7 62 625
7 63 647
7 64 144
7 65 475
7 66 512
7 67 355
7 68 297
7 69 584
7 70 906
7 71 472
7 72 568
7 73 473
7 74 971
7 75 608
7 76 882
7 77 961
7 78 251
7 79 15
7 80 800
7 81 712
7 82 717
7 83 829
7 84 961
7 85 758
7 86 800
7 87 128
7 88 823
7 89 799
7 90 704
7 91 642
7 92 603
7 93 424
7 94 892
7 95 559
7 96 957
7 97 514
7 98 215
7 99 426
7 100 157
8 9 870
8 10 703
8 11 54
8 12 494
8 13 195
8 14 377
8 15 998
8 16 425
8 17 844
8 18 106
8 19 384
8 20 117
8 21 29
8 22 162
8 23 82
8 24 266
8 25 108
8 26 993
8 27 841
8 28 85
8 29 381
8 30 249
8 31 768
8 32 635
8 33 814
8 34 515
8 35 805
8 36 940
8 37 193
8 38 187
8 39 950
8 40 103
8 41 45
8 42 624
8 43 345
8 44 588
8 45 224
8 46 372
8 47 351
8 48 99
8 49 153
8 50 840
8 51 899
8 52 684
8 53 708
8 54 520
8 55 106
8 56 545
8 57 889
8 58 719
8 59 970
8 60 245
8 61 389
8 62 939
8 63 992
8 64 54
8 65 987
8 66 4
8 67 608
8 68 975
8 69 793
8 70 438
8 71 389
8 72 396
8 73 659
8 74 31
8 75 715
8 76 375
8 77 412
8 78 6
8 79 830
8 80 556
8 81 857
8 82 402
8 83 535
8 84 66
8 85 710
8 86 904
8 87 269
8 88 990
8 89 766
8 90 620
8 91 36
8 92 288
8 93 508
8 94 788
8 95 822
8 96 539
8 97 547
8 98 279
8 99 996
8 100 328
9 10 14
9 11 467
9 12 66
9 13 710
9 14 883
9 15 989
9 16 57
9 17 84
9 18 616
9 19 239
9 20 771
9 21 583
9 22 661
9 23 753
9 24 847
9 25 791
9 26 444
9 27 793
9 28 102
9 29 872
9 30 383
9 31 96
9 32 349
9 33 47
9 34 257
9 35 363
9 36 662
9 37 173
9 38 210
9 39 777
9 40 628
9 41 8
9 42 957
9 43 832
9 44 613
9 45 758
9 46 400
9 47 814
9 48 957
9 49 793
9 50 384
9 51 479
9 52 908
9 53 685
9 54 219
9 55 471
9 56 457
9 57 988
9 58 451
9 59 82
9 60 426
9 61 540
9 62 809
9 63 563
9 64 17
9 65 511
9 66 3
9 67 655
9 68 589
9 69 902
9 70 973
9 71 912
9 72 478
9 73 602
9 74 819
9 75 610
9 76 89
9 77 793
9 78 166
9 79 694
9 80 951
9 81 744
9 82 407
9 83 585
9 84 268
9 85 398
9 86 194
9 87 598
9 88 373
9 89 657
9 90 22
9 91 206
9 92 137
9 93 695
9 94 50
9 95 287
9 96 958
9 97 741
9 98 198
9 99 112
9 100 216
10 11 565
10 12 297
10 13 633
10 14 246
10 15 101
10 16 608
10 17 976
10 18 641
10 19 465
10 20 163
10 21 622
10 22 663
10 23 700
10 24 395
10 25 545
10 26 725
10 27 93
10 28 494
10 29 337
10 30 921
10 31 783
10 32 843
10 33 937
10 34 819
10 35 243
10 36 694
10 37 676
10 38 548
10 39 922
10 40 90
10 41 570
10 42 660
10 43 157
10 44 896
10 45 84
10 46 47
10 47 402
10 48 854
10 49 218
10 50 577
10 51 250
10 52 170
10 53 771
10 54 667
10 55 923
10 56 4
10 57 588
10 58 550
10 59 470
10 60 425
10 61 262
10 62 327
10 63 78
10 64 690
10 65 133
10 66 573
10 67 53
10 68 290
10 69 56
10 70 683
10 71 493
10 72 980
10 73 304
10 74 753
10 75 392
10 76 21
10 77 765
10 78 880
10 79 420
10 80 996
10 81 334
10 82 667
10 83 738
10 84 574
10 85 42
10 86 757
10 87 678
10 88 853
10 89 830
10 90 873
10 91 702
10 92 837
10 93 726
10 94 591
10 95 12
10 96 635
10 97 923
10 98 17
10 99 398
10 100 253
11 12 702
11 13 173
11 14 567
11 15 419
11 16 839
11 17 927
11 18 608
11 19 911
11 20 262
11 21 942
11 22 759
11 23 930
11 24 177
11 25 18
11 26 690
11 27 269
11 28 953
11 29 663
11 30 349
11 31 59
11 32 869
11 33 291
11 34 541
11 35 647
11 36 163
11 37 599
11 38 646
11 39 521
11 40 502
11 41 235
11 42 928
11 43 956
11 44 424
11 45 514
11 46 373
11 47 432
11 48 781
11 49 326
11 50 942
11 51 807
11 52 701
11 53 581
11 54 871
11 55 123
11 56 912
11 57 512
11 58 701
11 59 854
11 60 194
11 61 883
11 62 977
11 63 355
11 64 485
11 65 31
11 66 489
11 67 469
11 68 539
11 69 994
11 70 761
11 71 62
11 72 670
11 73 557
11 74 497
11 75 948
11 76 194
11 77 929
11 78 922
11 79 912
11 80 480
11 81 509
11 82 57
11 83 702
11 84 229
11 85 306
11 86 453
11 87 209
11 88 189
11 89 665
11 90 903
11 91 937
11 92 244
11 93 685
11 94 524
11 95 434
11 96 200
11 97 138
11 98 979
11 99 880
11 100 311
12 13 692
12 14 89
12 15 773
12 16 340
12 17 994
12 18 402
12 19 693
12 20 240
12 21 266
12 22 696
12 23 902
12 24 862
12 25 767
12 26 1
12 27 483
12 28 445
12 29 803
12 30 373
12 31 124
12 32 281
12 33 875
12 34 583
12 35 750
12 36 937
12 37 819
12 38 286
12 39 949
12 40 975
12 41 651
12 42 174
12 43 640
12 44 355
12 45 436
12 46 283
12 47 566
12 48 133
12 49 839
12 50 578
12 51 37
12 52 56
12 53 676
12 54 322
12 55 975
12 56 87
12 57 775
12 58 254
12 59 170
12 60 65
12 61 124
12 62 433
12 63 405
12 64 167
12 65 904
12 66 382
12 67 691
12 68 348
12 69 173
12 70 547
12 71 206
12 72 845
12 73 762
12 74 260
12 75 945
12 76 286
12 77 822
12 78 53
12 79 985
12 80 15
12 81 859
12 82 785
12 83 703
12 84 26
12 85 606
12 86 204
12 87 651
12 88 664
12 89 192
12 90 671
12 91 576
12 92 210
12 93 990
12 94 888
12 95 128
12 96 203
12 97 663
12 98 972
12 99 796
12 100 596
13 14 20
13 15 813
13 16 529
13 17 500
13 18 833
13 19 627
13 20 4
13 21 862
13 22 314
13 23 489
13 24 768
13 25 526
13 26 60
13 27 776
13 28 869
13 29 516
13 30 723
13 31 648
13 32 314
13 33 179
13 34 662
13 35 785
13 36 117
13 37 379
13 38 976
13 39 705
13 40 127
13 41 211
13 42 49
13 43 903
13 44 345
13 45 775
13 46 476
13 47 973
13 48 719
13 49 753
13 50 418
13 51 702
13 52 433
13 53 178
13 54 168
13 55 554
13 56 821
13 57 467
13 58 991
13 59 22
13 60 596
13 61 212
13 62 625
13 63 633
13 64 454
13 65 108
13 66 210
13 67 422
13 68 147
13 69 107
13 70 555
13 71 644
13 72 102
13 73 552
13 74 502
13 75 365
13 76 874
13 77 287
13 78 404
13 79 360
13 80 49
13 81 706
13 82 845
13 83 106
13 84 595
13 85 770
13 86 641
13 87 622
13 88 88
13 89 621
13 90 837
13 91 79
13 92 529
13 93 202
13 94 371
13 95 913
13 96 764
13 97 168
13 98 829
13 99 109
13 100 662
14 15 876
14 16 994
14 17 536
14 18 819
14 19 534
14 20 176
14 21 692
14 22 125
14 23 500
14 24 378
14 25 275
14 26 282
14 27 851
14 28 673
14 29 590
14 30 363
14 31 262
14 32 722
14 33 298
14 34 332
14 35 228
14 36 531
14 37 510
14 38 52
14 39 56
14 40 226
14 41 139
14 42 226
14 43 89
14 44 588
14 45 971
14 46 691
14 47 864
14 48 904
14 49 995
14 50 413
14 51 169
14 52 697
14 53 322
14 54 570
14 55 812
14 56 246
14 57 189
14 58 872
14 59 860
14 60 258
14 61 952
14 62 863
14 63 985
14 64 610
14 65 946
14 66 168
14 67 388
14 68 449
14 69 294
14 70 325
14 71 522
14 72 960
14 73 742
14 74 720
14 75 818
14 76 294
14 77 306
14 78 69
14 79 230
14 80 395
14 81 84
14 82 938
14 83 688
14 84 811
14 85 942
14 86 175
14 87 286
14 88 590
14 89 90
14 90 368
14 91 460
14 92 598
14 93 486
14 94 196
14 95 565
14 96 226
14 97 39
14 98 443
14 99 611
14 100 624
15 16 97
15 17 739
15 18 105
15 19 266
15 20 962
15 21 805
15 22 730
15 23 924
15 24 811
15 25 501
15 26 524
15 27 532
15 28 280
15 29 769
15 30 15
15 31 381
15 32 102
15 33 630
15 34 716
15 35 288
15 36 437
15 37 334
15 38 898
15 39 613
15 40 590
15 41 957
15 42 966
15 43 38
15 44 807
15 45 892
15 46 939
15 47 799
15 48 11
15 49 84
15 50 118
15 51 725
15 52 77
15 53 372
15 54 221
15 55 246
15 56 285
15 57 971
15 58 330
15 59 407
15 60 845
15 61 432
15 62 335
15 63 457
15 64 246
15 65 292
15 66 70
15 67 693
15 68 278
15 69 837
15 70 662
15 71 275
15 72 91
15 73 1
15 74 900
15 75 242
15 76 319
15 77 267
15 78 113
15 79 266
15 80 977
15 81 248
15 82 568
15 83 684
15 84 99
15 85 711
15 86 257
15 87 272
15 88 68
15 89 880
15 90 504
15 91 84
15 92 116
15 93 783
15 94 494
15 95 521
15 96 217
15 97 413
15 98 23
15 99 949
15 100 101
16 17 233
16 18 774
16 19 299
16 20 392
16 21 183
16 22 329
16 23 738
16 24 179
16 25 610
16 26 660
16 27 501
16 28 229
16 29 779
16 30 499
16 31 51
16 32 209
16 33 136
16 34 950
16 35 269
16 36 446
16 37 415
16 38 759
16 39 51
16 40 617
16 41 782
16 42 721
16 43 196
16 44 906
16 45 830
16 46 154
16 47 901
16 48 632
16 49 556
16 50 868
16 51 279
16 52 174
16 53 228
16 54 988
16 55 468
16 56 763
16 57 44
16 58 302
16 59 15
16 60 364
16 61 105
16 62 807
16 63 346
16 64 790
16 65 927
16 66 707
16 67 94
16 68 769
16 69 335
16 70 560
16 71 29
16 72 445
16 73 307
16 74 266
16 75 856
16 76 281
16 77 6
16 78 849
16 79 275
16 80 341
16 81 173
16 82 291
16 83 681
16 84 82
16 85 741
16 86 986
16 87 688
16 88 395
16 89 447
16 90 221
16 91 488
16 92 696
16 93 164
16 94 765
16 95 926
16 96 281
16 97 441
16 98 493
16 99 83
16 100 981
17 18 467
17 19 411
17 20 790
17 21 664
17 22 751
17 23 104
17 24 200
17 25 601
17 26 255
17 27 118
17 28 949
17 29 746
17 30 945
17 31 366
17 32 499
17 33 384
17 34 632
17 35 396
17 36 277
17 37 681
17 38 69
17 39 547
17 40 55
17 41 853
17 42 574
17 43 636
17 44 832
17 45 404
17 46 373
17 47 876
17 48 455
17 49 424
17 50 899
17 51 685
17 52 718
17 53 754
17 54 837
17 55 861
17 56 494
17 57 890
17 58 977
17 59 923
17 60 760
17 61 839
17 62 385
17 63 202
17 64 824
17 65 139
17 66 397
17 67 711
17 68 317
17 69 815
17 70 344
17 71 323
17 72 632
17 73 769
17 74 930
17 75 292
17 76 583
17 77 680
17 78 430
17 79 944
17 80 410
17 81 148
17 82 615
17 83 698
17 84 465
17 85 807
17 86 720
17 87 79
17 88 309
17 89 18
17 90 828
17 91 363
17 92 380
17 93 673
17 94 116
17 95 430
17 96 100
17 97 247
17 98 151
17 99 416
17 100 443
18 19 52
18 20 424
18 21 599
18 22 943
18 23 810
18 24 403
18 25 435
18 26 655
18 27 704
18 28 269
18 29 690
18 30 805
18 31 604
18 32 488
18 33 744
18 34 202
18 35 555
18 36 240
18 37 386
18 38 612
18 39 709
18 40 353
18 41 390
18 42 514
18 43 780
18 44 801
18 45 783
18 46 61
18 47 464
18 48 811
18 49 804
18 50 876
18 51 228
18 52 190
18 53 667
18 54 736
18 55 885
18 56 788
18 57 464
18 58 280
18 59 508
18 60 876
18 61 63
18 62 355
18 63 601
18 64 30
18 65 750
18 66 949
18 67 324
18 68 731
18 69 489
18 70 825
18 71 226
18 72 959
18 73 121
18 74 348
18 75 489
18 76 830
18 77 346
18 78 334
18 79 357
18 80 457
18 81 302
18 82 392
18 83 115
18 84 705
18 85 476
18 86 886
18 87 263
18 88 297
18 89 134
18 90 138
18 91 430
18 92 827
18 93 498
18 94 90
18 95 765
18 96 385
18 97 446
18 98 900
18 99 910
18 100 629
19 20 561
19 21 974
19 22 693
19 23 510
19 24 283
19 25 830
19 26 952
19 27 750
19 28 331
19 29 63
19 30 378
19 31 33
19 32 191
19 33 538
19 34 966
19 35 319
19 36 167
19 37 897
19 38 55
19 39 179
19 40 732
19 41 542
19 42 914
19 43 793
19 44 177
19 45 525
19 46 957
19 47 378
19 48 839
19 49 594
19 50 535
19 51 333
19 52 279
19 53 400
19 54 941
19 55 746
19 56 870
19 57 566
19 58 73
19 59 629
19 60 396
19 61 998
19 62 570
19 63 492
19 64 996
19 65 999
19 66 36
19 67 618
19 68 200
19 69 333
19 70 777
19 71 309
19 72 626
19 73 492
19 74 704
19 75 836
19 76 938
19 77 926
19 78 573
19 79 311
19 80 612
19 81 56
19 82 493
19 83 375
19 84 797
19 85 946
19 86 760
19 87 509
19 88 480
19 89 917
19 90 773
19 91 395
19 92 3
19 93 325
19 94 716
19 95 780
19 96 465
19 97 584
19 98 547
19 99 883
19 100 708
20 21 787
20 22 34
20 23 106
20 24 286
20 25 362
20 26 528
20 27 733
20 28 150
20 29 904
20 30 148
20 31 673
20 32 755
20 33 179
20 34 167
20 35 332
20 36 859
20 37 245
20 38 496
20 39 152
20 40 869
20 41 696
20 42 517
20 43 635
20 44 657
20 45 208
20 46 303
20 47 842
20 48 553
20 49 653
20 50 32
20 51 947
20 52 566
20 53 407
20 54 103
20 55 666
20 56 834
20 57 323
20 58 979
20 59 860
20 60 486
20 61 731
20 62 480
20 63 860
20 64 831
20 65 497
20 66 649
20 67 483
20 68 461
20 69 487
20 70 669
20 71 162
20 72 344
20 73 909
20 74 994
20 75 957
20 76 556
20 77 89
20 78 529
20 79 848
20 80 609
20 81 420
20 82 779
20 83 779
20 84 427
20 85 111
20 86 112
20 87 421
20 88 355
20 89 455
20 90 432
20 91 744
20 92 91
20 93 565
20 94 442
20 95 195
20 96 163
20 97 605
20 98 980
20 99 785
20 100 137
21 22 318
21 23 416
21 24 403
21 25 125
21 26 922
21 27 356
21 28 746
21 29 236
21 30 11
21 31 463
21 32 847
21 33 575
21 34 602
21 35 918
21 36 375
21 37 55
21 38 446
21 39 714
21 40 812
21 41 804
21 42 895
21 43 791
21 44 525
21 45 71
21 46 85
21 47 875
21 48 602
21 49 263
21 50 774
21 51 351
21 52 292
21 53 756
21 54 556
21 55 865
21 56 709
21 57 428
21 58 384
21 59 70
21 60 904
21 61 275
21 62 796
21 63 317
21 64 599
21 65 702
21 66 895
21 67 438
21 68 987
21 69 78
21 70 837
21 71 689
21 72 770
21 73 438
21 74 497
21 75 994
21 76 781
21 77 632
21 78 305
21 79 594
21 80 554
21 81 663
21 82 966
21 83 698
21 84 632
21 85 879
21 86 847
21 87 420
21 88 703
21 89 959
21 90 322
21 91 787
21 92 654
21 93 106
21 94 566
21 95 652
21 96 392
21 97 302
21 98 223
21 99 794
21 100 382
22 23 619
22 24 254
22 25 918
22 26 473
22 27 76
22 28 956
22 29 45
22 30 181
22 31 781
22 32 87
22 33 749
22 34 415
22 35 858
22 36 558
22 37 261
22 38 222
22 39 579
22 40 801
22 41 249
22 42 246
22 43 756
22 44 425
22 45 925
22 46 796
22 47 108
22 48 378
22 49 840
22 50 316
22 51 149
22 52 684
22 53 807
22 54 4
22 55 267
22 56 392
22 57 984
22 58 917
22 59 194
22 60 645
22 61 575
22 62 953
22 63 276
22 64 660
22 65 236
22 66 182
22 67 629
22 68 170
22 69 876
22 70 85
22 71 893
22 72 375
22 73 292
22 74 467
22 75 184
22 76 851
22 77 51
22 78 752
22 79 821
22 80 680
22 81 198
22 82 623
22 83 173
22 84 882
22 85 425
22 86 494
22 87 237
22 88 452
22 89 870
22 90 197
22 91 57
22 92 775
22 93 818
22 94 65
22 95 406
22 96 229
22 97 316
22 98 120
22 99 967
22 100 456
23 24 801
23 25 345
23 26 596
23 27 702
23 28 24
23 29 192
23 30 279
23 31 82
23 32 707
23 33 18
23 34 192
23 35 24
23 36 679
23 37 705
23 38 628
23 39 575
23 40 626
23 41 791
23 42 106
23 43 535
23 44 187
23 45 824
23 46 501
23 47 292
23 48 963
23 49 50
23 50 506
23 51 434
23 52 229
23 53 225
23 54 987
23 55 774
23 56 67
23 57 822
23 58 988
23 59 718
23 60 843
23 61 302
23 62 126
23 63 246
23 64 443
23 65 980
23 66 489
23 67 615
23 68 573
23 69 372
23 70 797
23 71 653
23 72 250
23 73 762
23 74 130
23 75 804
23 76 49
23 77 496
23 78 81
23 79 789
23 80 967
23 81 815
23 82 391
23 83 378
23 84 715
23 85 476
23 86 15
23 87 883
23 88 92
23 89 120
23 90 275
23 91 416
23 92 477
23 93 90
23 94 521
23 95 222
23 96 423
23 97 995
23 98 927
23 99 98
23 100 174
24 25 906
24 26 247
24 27 397
24 28 642
24 29 87
24 30 863
24 31 735
24 32 205
24 33 403
24 34 50
24 35 322
24 36 835
24 37 399
24 38 897
24 39 606
24 40 419
24 41 302
24 42 400
24 43 98
24 44 987
24 45 967
24 46 440
24 47 464
24 48 473
24 49 762
24 50 845
24 51 520
24 52 602
24 53 803
24 54 736
24 55 561
24 56 489
24 57 128
24 58 768
24 59 111
24 60 215
24 61 75
24 62 629
24 63 937
24 64 889
24 65 326
24 66 481
24 67 226
24 68 382
24 69 986
24 70 290
24 71 244
24 72 422
24 73 487
24 74 990
24 75 506
24 76 963
24 77 452
24 78 332
24 79 685
24 80 21
24 81 16
24 82 973
24 83 395
24 84 656
24 85 815
24 86 743
24 87 199
24 88 670
24 89 826
24 90 958
24 91 349
24 92 642
24 93 740
24 94 140
24 95 912
24 96 462
24 97 709
24 98 430
24 99 325
24 100 204
25 26 392
25 27 654
25 28 319
25 29 469
25 30 930
25 31 2
25 32 221
25 33 509
25 34 656
25 35 637
25 36 615
25 37 443
25 38 822
25 39 786
25 40 453
25 41 634
25 42 644
25 43 12
25 44 587
25 45 235
25 46 618
25 47 70
25 48 4
25 49 750
25 50 734
25 51 563
25 52 993
25 53 676
25 54 936
25 55 899
25 56 266
25 57 291
25 58 751
25 59 916
25 60 425
25 61 498
25 62 472
25 63 604
25 64 339
25 65 820
25 66 726
25 67 172
25 68 184
25 69 347
25 70 379
25 71 828
25 72 963
25 73 672
25 74 358
25 75 313
25 76 612
25 77 219
25 78 435
25 79 695
25 80 185
25 81 871
25 82 372
25 83 699
25 84 355
25 85 651
25 86 981
25 87 81
25 88 22
25 89 872
25 90 941
25 91 995
25 92 825
25 93 433
25 94 568
25 95 379
25 96 665
25 97 845
25 98 628
25 99 743
25 100 65
26 27 140
26 28 651
26 29 165
26 30 623
26 31 612
26 32 422
26 33 280
26 34 683
26 35 831
26 36 667
26 37 580
26 38 539
26 39 824
26 40 601
26 41 109
26 42 683
26 43 304
26 44 987
26 45 406
26 46 996
26 47 525
26 48 443
26 49 891
26 50 86
26 51 815
26 52 480
26 53 90
26 54 657
26 55 905
26 56 458
26 57 874
26 58 784
26 59 897
26 60 95
26 61 826
26 62 318
26 63 943
26 64 301
26 65 430
26 66 468
26 67 916
26 68 89
26 69 946
26 70 299
26 71 305
26 72 917
26 73 201
26 74 694
26 75 609
26 76 885
26 77 85
26 78 694
26 79 233
26 80 519
26 81 601
26 82 629
26 83 468
26 84 292
26 85 894
26 86 865
26 87 131
26 88 9
26 89 810
26 90 412
26 91 645
26 92 906
26 93 673
26 94 755
26 95 71
26 96 305
26 97 314
26 98 837
26 99 996
26 100 517
27 28 946
27 29 648
27 30 896
27 31 66
27 32 670
27 33 32
27 34 825
27 35 593
27 36 386
27 37 890
27 38 560
27 39 263
27 40 71
27 41 541
27 42 880
27 43 820
27 44 656
27 45 966
27 46 862
27 47 162
27 48 736
27 49 974
27 50 436
27 51 400
27 52 713
27 53 910
27 54 76
27 55 872
27 56 290
27 57 274
27 58 981
27 59 293
27 60 621
27 61 471
27 62 662
27 63 285
27 64 540
27 65 245
27 66 609
27 67 592
27 68 270
27 69 352
27 70 929
27 71 738
27 72 866
27 73 558
27 74 265
27 75 124
27 76 864
27 77 857
27 78 594
27 79 205
27 80 400
27 81 217
27 82 698
27 83 138
27 84 756
27 85 18
27 86 663
27 87 346
27 88 58
27 89 252
27 90 440
27 91 209
27 92 378
27 93 938
27 94 1
27 95 985
27 96 172
27 97 974
27 98 389
27 99 479
27 100 256
28 29 117
28 30 477
28 31 200
28 32 860
28 33 118
28 34 410
28 35 865
28 36 523
28 37 982
28 38 935
28 39 312
28 40 809
28 41 470
28 42 863
28 43 272
28 44 333
28 45 870
28 46 190
28 47 635
28 48 331
28 49 301
28 50 661
28 51 99
28 52 999
28 53 394
28 54 304
28 55 161
28 56 537
28 57 672
28 58 750
28 59 437
28 60 636
28 61 397
28 62 935
28 63 15
28 64 994
28 65 122
28 66 500
28 67 480
28 68 548
28 69 968
28 70 652
28 71 37
28 72 913
28 73 355
28 74 42
28 75 368
28 76 872
28 77 404
28 78 673
28 79 253
28 80 374
28 81 526
28 82 543
28 83 538
28 84 632
28 85 284
28 86 930
28 87 836
28 88 831
28 89 557
28 90 222
28 91 941
28 92 346
28 93 204
28 94 814
28 95 958
28 96 661
28 97 786
28 98 751
28 99 532
28 100 365
29 30 673
29 31 888
29 32 97
29 33 727
29 34 914
29 35 513
29 36 634
29 37 884
29 38 14
29 39 892
29 40 489
29 41 709
29 42 305
29 43 293
29 44 785
29 45 898
29 46 229
29 47 279
29 48 950
29 49 816
29 50 384
29 51 944
29 52 426
29 53 898
29 54 628
29 55 740
29 56 457
29 57 418
29 58 308
29 59 956
29 60 894
29 61 123
29 62 715
29 63 644
29 64 872
29 65 804
29 66 231
29 67 41
29 68 19
29 69 53
29 70 762
29 71 414
29 72 945
29 73 670
29 74 631
29 75 955
29 76 186
29 77 438
29 78 816
29 79 83
29 80 345
29 81 159
29 82 971
29 83 61
29 84 637
29 85 267
29 86 107
29 87 647
29 88 633
29 89 707
29 90 598
29 91 617
29 92 900
29 93 660
29 94 835
29 95 436
29 96 888
29 97 205
29 98 742
29 99 837
29 100 399
30 31 981
30 32 14
30 33 597
30 34 768
30 35 75
30 36 213
30 37 287
30 38 332
30 39 640
30 40 976
30 41 486
30 42 594
30 43 787
30 44 821
30 45 823
30 46 360
30 47 316
30 48 176
30 49 181
30 50 140
30 51 455
30 52 786
30 53 295
30 54 682
30 55 767
30 56 596
30 57 270
30 58 275
30 59 850
30 60 235
30 61 800
30 62 12
30 63 496
30 64 989
30 65 604
30 66 825
30 67 206
30 68 334
30 69 585
30 70 43
30 71 384
30 72 720
30 73 446
30 74 354
30 75 385
30 76 798
30 77 716
30 78 662
30 79 883
30 80 935
30 81 527
30 82 897
30 83 391
30 84 777
30 85 791
30 86 269
30 87 436
30 88 956
30 89 754
30 90 385
30 91 238
30 92 615
30 93 22
30 94 917
30 95 472
30 96 257
30 97 950
30 98 298
30 99 801
30 100 136
31 32 623
31 33 148
31 34 222
31 35 506
31 36 743
31 37 186
31 38 960
31 39 694
31 40 705
31 41 755
31 42 28
31 43 480
31 44 150
31 45 399
31 46 435
31 47 409
31 48 150
31 49 901
31 50 130
31 51 398
31 52 809
31 53 255
31 54 335
31 55 182
31 56 444
31 57 461
31 58 928
31 59 790
31 60 970
31 61 520
31 62 468
31 63 933
31 64 783
31 65 138
31 66 412
31 67 857
31 68 3
31 69 154
31 70 658
31 71 560
31 72 269
31 73 844
31 74 117
31 75 551
31 76 232
31 77 323
31 78 654
31 79 744
31 80 37
31 81 273
31 82 528
31 83 753
31 84 252
31 85 910
31 86 833
31 87 478
31 88 697
31 89 152
31 90 650
31 91 383
31 92 688
31 93 184
31 94 483
31 95 417
31 96 264
31 97 536
31 98 663
31 99 744
31 100 942
32 33 189
32 34 382
32 35 28
32 36 123
32 37 904
32 38 650
32 39 634
32 40 671
32 41 218
32 42 286
32 43 838
32 44 312
32 45 685
32 46 438
32 47 364
32 48 906
32 49 909
32 50 786
32 51 43
32 52 319
32 53 789
32 54 344
32 55 392
32 56 834
32 57 891
32 58 982
32 59 906
32 60 902
32 61 377
32 62 695
32 63 918
32 64 122
32 65 360
32 66 162
32 67 717
32 68 802
32 69 89
32 70 191
32 71 684
32 72 307
32 73 790
32 74 130
32 75 49
32 76 606
32 77 54
32 78 533
32 79 29
32 80 436
32 81 676
32 82 352
32 83 477
32 84 160
32 85 856
32 86 353
32 87 601
32 88 457
32 89 20
32 90 120
32 91 821
32 92 364
32 93 833
32 94 368
32 95 999
32 96 85
32 97 513
32 98 591
32 99 969
32 100 286
33 34 782
33 35 884
33 36 870
33 37 887
33 38 742
33 39 224
33 40 996
33 41 879
33 42 476
33 43 856
33 44 507
33 45 812
33 46 970
33 47 903
33 48 815
33 49 567
33 50 750
33 51 963
33 52 940
33 53 690
33 54 785
33 55 231
33 56 491
33 57 253
33 58 912
33 59 993
33 60 891
33 61 194
33 62 109
33 63 165
33 64 628
33 65 317
33 66 206
33 67 634
33 68 273
33 69 365
33 70 746
33 71 813
33 72 254
33 73 21
33 74 997
33 75 698
33 76 495
33 77 77
33 78 290
33 79 584
33 80 374
33 81 663
33 82 784
33 83 57
33 84 884
33 85 803
33 86 883
33 87 166
33 88 743
33 89 923
33 90 530
33 91 133
33 92 806
33 93 390
33 94 68
33 95 493
33 96 779
33 97 797
33 98 205
33 99 757
33 100 53
34 35 858
34 36 656
34 37 570
34 38 954
34 39 947
34 40 913
34 41 876
34 42 173
34 43 626
34 44 953
34 45 593
34 46 417
34 47 302
34 48 126
34 49 243
34 50 648
34 51 10
34 52 241
34 53 294
34 54 93
34 55 836
34 56 892
34 57 144
34 58 749
34 59 785
34 60 993
34 61 551
34 62 814
34 63 208
34 64 614
34 65 864
34 66 48
34 67 979
34 68 558
34 69 220
34 70 662
34 71 217
34 72 304
34 73 940
34 74 371
34 75 31
34 76 636
34 77 899
34 78 907
34 79 760
34 80 210
34 81 235
34 82 847
34 83 409
34 84 337
34 85 238
34 86 404
34 87 723
34 88 207
34 89 981
34 90 462
34 91 836
34 92 649
34 93 619
34 94 590
34 95 934
34 96 888
34 97 63
34 98 625
34 99 735
34 100 720
35 36 312
35 37 62
35 38 26
35 39 837
35 40 90
35 41 931
35 42 339
35 43 799
35 44 207
35 45 260
35 46 630
35 47 789
35 48 346
35 49 234
35 50 38
35 51 344
35 52 944
35 53 134
35 54 804
35 55 798
35 56 898
35 57 873
35 58 861
35 59 829
35 60 64
35 61 862
35 62 470
35 63 297
35 64 559
35 65 119
35 66 498
35 67 801
35 68 623
35 69 995
35 70 174
35 71 624
35 72 27
35 73 819
35 74 731
35 75 708
35 76 794
35 77 902
35 78 234
35 79 601
35 80 261
35 81 887
35 82 760
35 83 59
35 84 316
35 85 886
35 86 779
35 87 34
35 88 351
35 89 576
35 90 44
35 91 341
35 92 706
35 93 714
35 94 348
35 95 579
35 96 613
35 97 943
35 98 267
35 99 447
35 100 894
36 37 509
36 38 561
36 39 796
36 40 913
36 41 820
36 42 24
36 43 848
36 44 6
36 45 629
36 46 36
36 47 473
36 48 533
36 49 488
36 50 255
36 51 71
36 52 880
36 53 173
36 54 807
36 55 383
36 56 375
36 57 695
36 58 752
36 59 852
36 60 32
36 61 460
36 62 692
36 63 363
36 64 289
36 65 892
36 66 337
36 67 517
36 68 864
36 69 677
36 70 677
36 71 686
36 72 514
36 73 564
36 74 248
36 75 745
36 76 605
36 77 212
36 78 105
36 79 191
36 80 58
36 81 63
36 82 237
36 83 437
36 84 182
36 85 288
36 86 172
36 87 449
36 88 124
36 89 340
36 90 529
36 91 317
36 92 40
36 93 275
36 94 317
36 95 518
36 96 75
36 97 940
36 98 417
36 99 61
36 100 85
37 38 495
37 39 773
37 40 974
37 41 702
37 42 228
37 43 515
37 44 825
37 45 768
37 46 56
37 47 533
37 48 238
37 49 182
37 50 18
37 51 368
37 52 678
37 53 186
37 54 629
37 55 747
37 56 283
37 57 956
37 58 747
37 59 830
37 60 878
37 61 854
37 62 811
37 63 941
37 64 531
37 65 893
37 66 683
37 67 314
37 68 173
37 69 537
37 70 298
37 71 398
37 72 103
37 73 867
37 74 409
37 75 592
37 76 805
37 77 331
37 78 146
37 79 636
37 80 704
37 81 974
37 82 837
37 83 547
37 84 555
37 85 533
37 86 402
37 87 640
37 88 900
37 89 542
37 90 719
37 91 576
37 92 849
37 93 397
37 94 485
37 95 568
37 96 807
37 97 648
37 98 217
37 99 742
37 100 71
38 39 96
38 40 664
38 41 908
38 42 574
38 43 492
38 44 247
38 45 743
38 46 909
38 47 272
38 48 386
38 49 153
38 50 284
38 51 674
38 52 784
38 53 685
38 54 632
38 55 636
38 56 468
38 57 24
38 58 336
38 59 483
38 60 149
38 61 852
38 62 246
38 63 375
38 64 461
38 65 641
38 66 20
38 67 69
38 68 801
38 69 962
38 70 755
38 71 970
38 72 214
38 73 863
38 74 719
38 75 603
38 76 552
38 77 364
38 78 576
38 79 343
38 80 668
38 81 186
38 82 407
38 83 681
38 84 512
38 85 738
38 86 416
38 87 547
38 88 917
38 89 905
38 90 41
38 91 874
38 92 778
38 93 499
38 94 642
38 95 837
38 96 174
38 97 504
38 98 111
38 99 162
38 100 662
39 40 216
39 41 705
39 42 623
39 43 661
39 44 32
39 45 546
39 46 975
39 47 651
39 48 869
39 49 181
39 50 845
39 51 977
39 52 412
39 53 543
39 54 497
39 55 982
39 56 296
39 57 744
39 58 734
39 59 603
39 60 734
39 61 245
39 62 383
39 63 234
39 64 830
39 65 432
39 66 665
39 67 546
39 68 465
39 69 638
39 70 197
39 71 97
39 72 139
39 73 950
39 74 438
39 75 933
39 76 583
39 77 209
39 78 454
39 79 536
39 80 423
39 81 379
39 82 648
39 83 265
39 84 780
39 85 790
39 86 188
39 87 258
39 88 14
39 89 101
39 90 645
39 91 13
39 92 302
39 93 105
39 94 325
39 95 557
39 96 231
39 97 819
39 98 684
39 99 923
39 100 372
40 41 627
40 42 710
40 43 601
40 44 169
40 45 590
40 46 12
40 47 862
40 48 736
40 49 897
40 50 474
40 51 54
40 52 302
40 53 667
40 54 303
40 55 270
40 56 781
40 57 73
40 58 731
40 59 229
40 60 679
40 61 245
40 62 45
40 63 181
40 64 648
40 65 123
40 66 586
40 67 725
40 68 607
40 69 10
40 70 174
40 71 196
40 72 556
40 73 793
40 74 484
40 75 797
40 76 151
40 77 561
40 78 567
40 79 734
40 80 438
40 81 80
40 82 493
40 83 389
40 84 789
40 85 495
40 86 641
40 87 634
40 88 24
40 89 203
40 90 434
40 91 789
40 92 307
40 93 970
40 94 981
40 95 212
40 96 9
40 97 693
40 98 54
40 99 595
40 100 993
41 42 752
41 43 827
41 44 377
41 45 241
41 46 54
41 47 811
41 48 788
41 49 328
41 50 863
41 51 159
41 52 881
41 53 821
41 54 871
41 55 449
41 56 793
41 57 626
41 58 198
41 59 139
41 60 244
41 61 592
41 62 823
41 63 459
41 64 321
41 65 489
41 66 842
41 67 333
41 68 318
41 69 4
41 70 604
41 71 36
41 72 187
41 73 9
41 74 784
41 75 837
41 76 742
41 77 91
41 78 674
41 79 72
41 80 319
41 81 530
41 82 608
41 83 548
41 84 955
41 85 109
41 86 92
41 87 11
41 88 46
41 89 675
41 90 721
41 91 513
41 92 452
41 93 298
41 94 438
41 95 307
41 96 125
41 97 309
41 98 938
41 99 700
41 100 691
42 43 797
42 44 968
42 45 914
42 46 331
42 47 520
42 48 213
42 49 393
42 50 615
42 51 672
42 52 138
42 53 892
42 54 831
42 55 258
42 56 288
42 57 915
42 58 136
42 59 145
42 60 898
42 61 556
42 62 489
42 63 659
42 64 929
42 65 634
42 66 593
42 67 171
42 68 163
42 69 780
42 70 976
42 71 794
42 72 441
42 73 475
42 74 283
42 75 34
42 76 403
42 77 59
42 78 240
42 79 579
42 80 625
42 81 944
42 82 362
42 83 147
42 84 302
42 85 721
42 86 166
42 87 343
42 88 451
42 89 492
42 90 486
42 91 787
42 92 464
42 93 695
42 94 194
42 95 138
42 96 534
42 97 695
42 98 879
42 99 87
42 100 180
43 44 428
43 45 645
43 46 706
43 47 996
43 48 945
43 49 759
43 50 584
43 51 593
43 52 468
43 53 584
43 54 832
43 55 757
43 56 344
43 57 434
43 58 236
43 59 331
43 60 22
43 61 321
43 62 49
43 63 141
43 64 385
43 65 208
43 66 562
43 67 793
43 68 269
43 69 277
43 70 50
43 71 741
43 72 289
43 73 289
43 74 241
43 75 586
43 76 248
43 77 83
43 78 957
43 79 354
43 80 581
43 81 148
43 82 659
43 83 666
43 84 921
43 85 402
43 86 298
43 87 174
43 88 238
43 89 338
43 90 983
43 91 37
43 92 603
43 93 377
43 94 26
43 95 397
43 96 826
43 97 901
43 98 173
43 99 240
43 100 4
44 45 474
44 46 6
44 47 291
44 48 888
44 49 41
44 50 495
44 51 309
44 52 488
44 53 842
44 54 641
44 55 615
44 56 92
44 57 213
44 58 234
44 59 570
44 60 729
44 61 36
44 62 398
44 63 556
44 64 729
44 65 279
44 66 307
44 67 27
44 68 808
44 69 310
44 70 805
44 71 527
44 72 488
44 73 737
44 74 82
44 75 319
44 76 499
44 77 363
44 78 310
44 79 578
44 80 227
44 81 276
44 82 111
44 83 424
44 84 772
44 85 110
44 86 540
44 87 458
44 88 920
44 89 36
44 90 427
44 91 643
44 92 506
44 93 980
44 94 293
44 95 837
44 96 393
44 97 127
44 98 433
44 99 74
44 100 771
45 46 108
45 47 671
45 48 205
45 49 759
45 50 518
45 51 69
45 52 227
45 53 683
45 54 289
45 55 886
45 56 774
45 57 73
45 58 488
45 59 86
45 60 261
45 61 113
45 62 765
45 63 731
45 64 399
45 65 513
45 66 768
45 67 54
45 68 607
45 69 320
45 70 517
45 71 12
45 72 86
45 73 150
45 74 927
45 75 753
45 76 351
45 77 734
45 78 783
45 79 71
45 80 293
45 81 954
45 82 636
45 83 556
45 84 695
45 85 344
45 86 208
45 87 161
45 88 621
45 89 928
45 90 197
45 91 980
45 92 418
45 93 598
45 94 861
45 95 688
45 96 448
45 97 825
45 98 996
45 99 856
45 100 801
46 47 714
46 48 474
46 49 31
46 50 980
46 51 816
46 52 460
46 53 612
46 54 191
46 55 971
46 56 882
46 57 38
46 58 878
46 59 163
46 60 12
46 61 378
46 62 491
46 63 653
46 64 712
46 65 224
46 66 68
46 67 891
46 68 230
46 69 16
46 70 674
46 71 404
46 72 595
46 73 628
46 74 288
46 75 429
46 76 217
46 77 712
46 78 21
46 79 983
46 80 800
46 81 58
46 82 569
46 83 829
46 84 240
46 85 763
46 86 75
46 87 966
46 88 660
46 89 778
46 90 778
46 91 556
46 92 392
46 93 775
46 94 20
46 95 284
46 96 432
46 97 101
46 98 326
46 99 684
46 100 215
47 48 977
47 49 177
47 50 491
47 51 969
47 52 551
47 53 123
47 54 208
47 55 342
47 56 978
47 57 829
47 58 771
47 59 748
47 60 45
47 61 275
47 62 91
47 63 713
47 64 559
47 65 646
47 66 438
47 67 270
47 68 428
47 69 306
47 70 826
47 71 216
47 72 390
47 73 109
47 74 859
47 75 838
47 76 637
47 77 656
47 78 654
47 79 672
47 80 159
47 81 419
47 82 883
47 83 36
47 84 362
47 85 317
47 86 236
47 87 760
47 88 123
47 89 210
47 90 89
47 91 944
47 92 691
47 93 371
47 94 998
47 95 48
47 96 396
47 97 59
47 98 490
47 99 775
47 100 533
48 49 428
48 50 119
48 51 364
48 52 554
48 53 850
48 54 644
48 55 743
48 56 887
48 57 30
48 58 456
48 59 426
48 60 923
48 61 213
48 62 476
48 63 929
48 64 449
48 65 511
48 66 894
48 67 643
48 68 31
48 69 853
48 70 861
48 71 999
48 72 32
48 73 145
48 74 265
48 75 563
48 76 696
48 77 312
48 78 604
48 79 838
48 80 83
48 81 253
48 82 161
48 83 863
48 84 129
48 85 413
48 86 130
48 87 333
48 88 7
48 89 652
48 90 24
48 91 667
48 92 324
48 93 650
48 94 452
48 95 398
48 96 628
48 97 154
48 98 740
48 99 894
48 100 552
49 50 456
49 51 426
49 52 833
49 53 127
49 54 710
49 55 288
49 56 652
49 57 981
49 58 171
49 59 165
49 60 236
49 61 827
49 62 145
49 63 968
49 64 855
49 65 623
49 66 662
49 67 937
49 68 30
49 69 353
49 70 839
49 71 850
49 72 504
49 73 395
49 74 216
49 75 956
49 76 281
49 77 952
49 78 898
49 79 917
49 80 143
49 81 318
49 82 548
49 83 906
49 84 264
49 85 435
49 86 899
49 87 331
49 88 823
49 89 25
49 90 205
49 91 658
49 92 534
49 93 217
49 94 651
49 95 62
49 96 671
49 97 738
49 98 81
49 99 653
49 100 471
50 51 57
50 52 126
50 53 586
50 54 60
50 55 174
50 56 653
50 57 846
50 58 83
50 59 304
50 60 52
50 61 441
50 62 297
50 63 125
50 64 176
50 65 489
50 66 607
50 67 657
50 68 608
50 69 888
50 70 647
50 71 172
50 72 91
50 73 835
50 74 31
50 75 375
50 76 947
50 77 100
50 78 332
50 79 683
50 80 534
50 81 950
50 82 744
50 83 702
50 84 366
50 85 100
50 86 295
50 87 221
50 88 391
50 89 980
50 90 312
50 91 123
50 92 329
50 93 259
50 94 69
50 95 472
50 96 854
50 97 28
50 98 620
50 99 40
50 100 527
51 52 563
51 53 821
51 54 15
51 55 472
51 56 233
51 57 629
51 58 946
51 59 388
51 60 425
51 61 31
51 62 275
51 63 668
51 64 354
51 65 93
51 66 480
51 67 213
51 68 204
51 69 736
51 70 880
51 71 433
51 72 643
51 73 992
51 74 485
51 75 372
51 76 401
51 77 696
51 78 50
51 79 496
51 80 475
51 81 79
51 82 665
51 83 518
51 84 338
51 85 682
51 86 287
51 87 470
51 88 306
51 89 733
51 90 77
51 91 37
51 92 646
51 93 76
51 94 719
51 95 191
51 96 138
51 97 575
51 98 346
51 99 230
51 100 768
52 53 691
52 54 790
52 55 132
52 56 852
52 57 141
52 58 804
52 59 663
52 60 112
52 61 888
52 62 456
52 63 207
52 64 231
52 65 717
52 66 442
52 67 96
52 68 309
52 69 539
52 70 364
52 71 311
52 72 919
52 73 270
52 74 197
52 75 481
52 76 862
52 77 20
52 78 545
52 79 3
52 80 693
52 81 951
52 82 350
52 83 153
52 84 139
52 85 943
52 86 439
52 87 52
52 88 50
52 89 242
52 90 179
52 91 122
52 92 931
52 93 944
52 94 230
52 95 361
52 96 629
52 97 804
52 98 261
52 99 622
52 100 997
53 54 358
53 55 766
53 56 897
53 57 226
53 58 124
53 59 341
53 60 566
53 61 714
53 62 190
53 63 541
53 64 994
53 65 368
53 66 773
53 67 40
53 68 31
53 69 597
53 70 662
53 71 56
53 72 746
53 73 744
53 74 545
53 75 504
53 76 760
53 77 721
53 78 640
53 79 404
53 80 775
53 81 127
53 82 774
53 83 850
53 84 474
53 85 602
53 86 499
53 87 62
53 88 907
53 89 84
53 90 211
53 91 392
53 92 306
53 93 438
53 94 23
53 95 100
53 96 687
53 97 317
53 98 759
53 99 996
53 100 190
54 55 957
54 56 467
54 57 228
54 58 372
54 59 155
54 60 397
54 61 594
54 62 421
54 63 611
54 64 21
54 65 711
54 66 765
54 67 863
54 68 702
54 69 413
54 70 234
54 71 372
54 72 703
54 73 476
54 74 290
54 75 580
54 76 865
54 77 744
54 78 460
54 79 12
54 80 494
54 81 536
54 82 197
54 83 323
54 84 670
54 85 66
54 86 522
54 87 762
54 88 672
54 89 307
54 90 896
54 91 180
54 92 558
54 93 979
54 94 398
54 95 646
54 96 353
54 97 614
54 98 708
54 99 601
54 100 487
55 56 79
55 57 419
55 58 47
55 59 784
55 60 676
55 61 538
55 62 862
55 63 336
55 64 245
55 65 152
55 66 95
55 67 124
55 68 605
55 69 60
55 70 862
55 71 965
55 72 687
55 73 197
55 74 807
55 75 771
55 76 530
55 77 803
55 78 646
55 79 479
55 80 565
55 81 229
55 82 830
55 83 594
55 84 406
55 85 858
55 86 688
55 87 767
55 88 108
55 89 291
55 90 407
55 91 649
55 92 136
55 93 528
55 94 255
55 95 151
55 96 616
55 97 152
55 98 577
55 99 7
55 100 819
56 57 726
56 58 287
56 59 942
56 60 680
56 61 172
56 62 669
56 63 112
56 64 269
56 65 583
56 66 294
56 67 314
56 68 577
56 69 524
56 70 32
56 71 304
56 72 20
56 73 144
56 74 656
56 75 878
56 76 314
56 77 749
56 78 172
56 79 582
56 80 37
56 81 793
56 82 5
56 83 440
56 84 823
56 85 927
56 86 543
56 87 132
56 88 612
56 89 446
56 90 431
56 91 182
56 92 365
56 93 971
56 94 829
56 95 862
56 96 675
56 97 340
56 98 146
56 99 937
56 100 3
57 58 755
57 59 499
57 60 737
57 61 264
57 62 74
57 63 767
57 64 36
57 65 581
57 66 976
57 67 195
57 68 91
57 69 141
57 70 288
57 71 659
57 72 709
57 73 88
57 74 251
57 75 107
57 76 621
57 77 453
57 78 290
57 79 30
57 80 246
57 81 149
57 82 839
57 83 454
57 84 540
57 85 474
57 86 848
57 87 397
57 88 302
57 89 210
57 90 60
57 91 484
57 92 600
57 93 801
57 94 516
57 95 881
57 96 536
57 97 587
57 98 968
57 99 275
57 100 54
58 59 512
58 60 961
58 61 114
58 62 486
58 63 231
58 64 173
58 65 337
58 66 468
58 67 95
58 68 567
58 69 172
58 70 292
58 71 335
58 72 678
58 73 201
58 74 665
58 75 193
58 76 129
58 77 16
58 78 169
58 79 525
58 80 113
58 81 982
58 82 731
58 83 208
58 84 751
58 85 713
58 86 485
58 87 679
58 88 810
58 89 491
58 90 535
58 91 945
58 92 211
58 93 75
58 94 149
58 95 237
58 96 761
58 97 269
58 98 536
58 99 42
58 100 945
59 60 618
59 61 236
59 62 973
59 63 962
59 64 607
59 65 407
59 66 914
59 67 806
59 68 303
59 69 639
59 70 897
59 71 776
59 72 659
59 73 969
59 74 548
59 75 728
59 76 380
59 77 6
59 78 550
59 79 847
59 80 44
59 81 814
59 82 570
59 83 272
59 84 745
59 85 699
59 86 686
59 87 840
59 88 653
59 89 569
59 90 509
59 91 799
59 92 481
59 93 920
59 94 109
59 95 329
59 96 449
59 97 333
59 98 337
59 99 230
59 100 901
60 61 591
60 62 545
60 63 448
60 64 891
60 65 994
60 66 391
60 67 734
60 68 346
60 69 894
60 70 267
60 71 2
60 72 769
60 73 122
60 74 705
60 75 995
60 76 862
60 77 99
60 78 147
60 79 379
60 80 383
60 81 260
60 82 890
60 83 279
60 84 422
60 85 889
60 86 412
60 87 427
60 88 528
60 89 739
60 90 303
60 91 155
60 92 183
60 93 389
60 94 55
60 95 351
60 96 10
60 97 706
60 98 756
60 99 566
60 100 651
61 62 282
61 63 841
61 64 9
61 65 956
61 66 76
61 67 17
61 68 930
61 69 287
61 70 537
61 71 30
61 72 352
61 73 446
61 74 675
61 75 259
61 76 573
61 77 481
61 78 220
61 79 132
61 80 192
61 81 143
61 82 745
61 83 576
61 84 575
61 85 907
61 86 975
61 87 198
61 88 36
61 89 824
61 90 528
61 91 336
61 92 74
61 93 407
61 94 782
61 95 927
61 96 141
61 97 878
61 98 130
61 99 550
61 100 690
62 63 46
62 64 116
62 65 996
62 66 886
62 67 100
62 68 652
62 69 546
62 70 323
62 71 885
62 72 783
62 73 826
62 74 424
62 75 688
62 76 549
62 77 334
62 78 177
62 79 958
62 80 895
62 81 204
62 82 712
62 83 952
62 84 102
62 85 728
62 86 716
62 87 177
62 88 221
62 89 902
62 90 476
62 91 461
62 92 774
62 93 848
62 94 540
62 95 133
62 96 716
62 97 8
62 98 598
62 99 321
62 100 986
63 64 425
63 65 720
63 66 311
63 67 251
63 68 19
63 69 992
63 70 469
63 71 526
63 72 312
63 73 98
63 74 387
63 75 506
63 76 182
63 77 216
63 78 746
63 79 517
63 80 992
63 81 242
63 82 468
63 83 196
63 84 272
63 85 334
63 86 379
63 87 35
63 88 418
63 89 418
63 90 469
63 91 997
63 92 440
63 93 46
63 94 731
63 95 209
63 96 89
63 97 457
63 98 792
63 99 988
63 100 772
64 65 85
64 66 929
64 67 298
64 68 164
64 69 578
64 70 773
64 71 403
64 72 907
64 73 630
64 74 639
64 75 320
64 76 919
64 77 518
64 78 160
64 79 909
64 80 669
64 81 910
64 82 203
64 83 533
64 84 824
64 85 547
64 86 452
64 87 812
64 88 383
64 89 399
64 90 330
64 91 52
64 92 172
64 93 834
64 94 798
64 95 823
64 96 862
64 97 301
64 98 106
64 99 696
64 100 701
65 66 281
65 67 207
65 68 840
65 69 967
65 70 363
65 71 172
65 72 78
65 73 627
65 74 354
65 75 880
65 76 830
65 77 678
65 78 182
65 79 725
65 80 922
65 81 556
65 82 86
65 83 200
65 84 85
65 85 951
65 86 924
65 87 195
65 88 497
65 89 209
65 90 904
65 91 841
65 92 432
65 93 421
65 94 397
65 95 241
65 96 565
65 97 70
65 98 655
65 99 92
65 100 638
66 67 322
66 68 476
66 69 160
66 70 237
66 71 5
66 72 677
66 73 120
66 74 407
66 75 133
66 76 83
66 77 15
66 78 723
66 79 94
66 80 447
66 81 311
66 82 99
66 83 681
66 84 551
66 85 986
66 86 332
66 87 100
66 88 195
66 89 450
66 90 903
66 91 369
66 92 471
66 93 476
66 94 833
66 95 342
66 96 817
66 97 349
66 98 691
66 99 562
66 100 118
67 68 598
67 69 834
67 70 662
67 71 401
67 72 434
67 73 679
67 74 4
67 75 866
67 76 620
67 77 311
67 78 712
67 79 421
67 80 869
67 81 231
67 82 267
67 83 192
67 84 998
67 85 928
67 86 442
67 87 553
67 88 28
67 89 510
67 90 701
67 91 851
67 92 576
67 93 709
67 94 903
67 95 234
67 96 256
67 97 982
67 98 188
67 99 733
67 100 763
68 69 225
68 70 523
68 71 865
68 72 333
68 73 979
68 74 82
68 75 122
68 76 424
68 77 226
68 78 711
68 79 429
68 80 656
68 81 772
68 82 52
68 83 404
68 84 435
68 85 632
68 86 637
68 87 865
68 88 175
68 89 364
68 90 442
68 91 369
68 92 714
68 93 918
68 94 962
68 95 221
68 96 565
68 97 107
68 98 740
68 99 497
68 100 233
69 70 762
69 71 335
69 72 44
69 73 624
69 74 384
69 75 803
69 76 786
69 77 244
69 78 567
69 79 687
69 80 444
69 81 339
69 82 194
69 83 991
69 84 476
69 85 672
69 86 559
69 87 580
69 88 493
69 89 899
69 90 301
69 91 762
69 92 492
69 93 347
69 94 536
69 95 912
69 96 94
69 97 652
69 98 822
69 99 686
69 100 424
70 71 16
70 72 726
70 73 420
70 74 56
70 75 44
70 76 273
70 77 195
70 78 715
70 79 989
70 80 156
70 81 719
70 82 864
70 83 372
70 84 574
70 85 59
70 86 725
70 87 671
70 88 656
70 89 181
70 90 906
70 91 781
70 92 60
70 93 802
70 94 59
70 95 990
70 96 590
70 97 496
70 98 286
70 99 635
70 100 889
71 72 977
71 73 647
71 74 922
71 75 505
71 76 358
71 77 3
71 78 640
71 79 921
71 80 425
71 81 941
71 82 327
71 83 505
71 84 407
71 85 357
71 86 752
71 87 947
71 88 728
71 89 339
71 90 388
71 91 136
71 92 992
71 93 692
71 94 530
71 95 288
71 96 730
71 97 884
71 98 140
71 99 242
71 100 309
72 73 622
72 74 466
72 75 879
72 76 522
72 77 166
72 78 300
72 79 781
72 80 250
72 81 850
72 82 493
72 83 407
72 84 537
72 85 363
72 86 398
72 87 520
72 88 350
72 89 456
72 90 395
72 91 700
72 92 475
72 93 650
72 94 429
72 95 840
72 96 161
72 97 928
72 98 957
72 99 273
72 100 410
73 74 682
73 75 245
73 76 940
73 77 429
73 78 626
73 79 230
73 80 531
73 81 630
73 82 178
73 83 341
73 84 179
73 85 359
73 86 537
73 87 5
73 88 851
73 89 685
73 90 157
73 91 851
73 92 745
73 93 116
73 94 618
73 95 456
73 96 995
73 97 434
73 98 281
73 99 717
73 100 405
74 75 254
74 76 533
74 77 876
74 78 49
74 79 866
74 80 52
74 81 842
74 82 265
74 83 57
74 84 839
74 85 196
74 86 887
74 87 560
74 88 2
74 89 165
74 90 955
74 91 859
74 92 404
74 93 271
74 94 931
74 95 399
74 96 153
74 97 657
74 98 218
74 99 406
74 100 715
75 76 956
75 77 875
75 78 337
75 79 437
75 80 788
75 81 510
75 82 364
75 83 116
75 84 558
75 85 836
75 86 143
75 87 581
75 88 128
75 89 985
75 90 348
75 91 549
75 92 227
75 93 961
75 94 647
75 95 358
75 96 232
75 97 4
75 98 608
75 99 971
75 100 189
76 77 681
76 78 105
76 79 491
76 80 4
76 81 731
76 82 672
76 83 787
76 84 789
76 85 162
76 86 764
76 87 442
76 88 506
76 89 187
76 90 879
76 91 76
76 92 336
76 93 645
76 94 617
76 95 497
76 96 287
76 97 928
76 98 301
76 99 33
76 100 528
77 78 888
77 79 332
77 80 696
77 81 767
77 82 470
77 83 36
77 84 136
77 85 107
77 86 859
77 87 736
77 88 740
77 89 491
77 90 271
77 91 819
77 92 698
77 93 14
77 94 720
77 95 652
77 96 697
77 97 922
77 98 893
77 99 14
77 100 644
78 79 90
78 80 348
78 81 609
78 82 710
78 83 215
78 84 568
78 85 892
78 86 809
78 87 739
78 88 42
78 89 730
78 90 650
78 91 533
78 92 697
78 93 730
78 94 132
78 95 748
78 96 306
78 97 479
78 98 764
78 99 960
78 100 719
79 80 496
79 81 609
79 82 914
79 83 343
79 84 870
79 85 758
79 86 748
79 87 364
79 88 737
79 89 704
79 90 420
79 91 502
79 92 390
79 93 23
79 94 394
79 95 300
79 96 879
79 97 442
79 98 798
79 99 487
79 100 869
80 81 990
80 82 106
80 83 479
80 84 491
80 85 990
80 86 586
80 87 538
80 88 12
80 89 673
80 90 382
80 91 463
80 92 557
80 93 760
80 94 918
80 95 196
80 96 999
80 97 305
80 98 421
80 99 138
80 100 524
81 82 540
81 83 409
81 84 842
81 85 321
81 86 437
81 87 197
81 88 399
81 89 713
81 90 423
81 91 364
81 92 150
81 93 916
81 94 781
81 95 874
81 96 689
81 97 119
81 98 34
81 99 454
81 100 435
82 83 380
82 84 490
82 85 108
82 86 99
82 87 919
82 88 767
82 89 681
82 90 729
82 91 434
82 92 530
82 93 293
82 94 181
82 95 342
82 96 909
82 97 547
82 98 116
82 99 635
82 100 189
83 84 210
83 85 22
83 86 209
83 87 731
83 88 156
83 89 15
83 90 376
83 91 278
83 92 789
83 93 738
83 94 470
83 95 852
83 96 197
83 97 303
83 98 567
83 99 755
83 100 271
84 85 9
84 86 202
84 87 887
84 88 840
84 89 298
84 90 991
84 91 552
84 92 353
84 93 700
84 94 465
84 95 40
84 96 285
84 97 879
84 98 824
84 99 567
84 100 21
85 86 444
85 87 106
85 88 402
85 89 980
85 90 839
85 91 429
85 92 351
85 93 693
85 94 789
85 95 341
85 96 137
85 97 576
85 98 139
85 99 863
85 100 534
86 87 61
86 88 485
86 89 136
86 90 376
86 91 317
86 92 916
86 93 704
86 94 914
86 95 279
86 96 893
86 97 494
86 98 231
86 99 965
86 100 183
87 88 916
87 89 525
87 90 374
87 91 20
87 92 716
87 93 533
87 94 543
87 95 507
87 96 302
87 97 48
87 98 244
87 99 553
87 100 456
88 89 408
88 90 562
88 91 913
88 92 596
88 93 247
88 94 107
88 95 41
88 96 640
88 97 500
88 98 469
88 99 432
88 100 882
89 90 906
89 91 635
89 92 120
89 93 476
89 94 559
89 95 612
89 96 78
89 97 967
89 98 951
89 99 72
89 100 627
90 91 521
90 92 342
90 93 652
90 94 938
90 95 322
90 96 200
90 97 212
90 98 29
90 99 582
90 100 109
91 92 893
91 93 745
91 94 650
91 95 119
91 96 85
91 97 88
91 98 483
91 99 562
91 100 748
92 93 441
92 94 932
92 95 981
92 96 853
92 97 979
92 98 442
92 99 48
92 100 637
93 94 489
93 95 31
93 96 850
93 97 521
93 98 67
93 99 421
93 100 471
94 95 775
94 96 459
94 97 38
94 98 479
94 99 196
94 100 257
95 96 309
95 97 332
95 98 873
95 99 189
95 100 928
96 97 894
96 98 326
96 99 390
96 100 583
97 98 588
97 99 496
97 100 435
98 99 349
98 100 19
99 100 734
