100 4950
1 2 578
1 3 170
1 4 515
1 5 998
1 6 575
1 7 55
1 8 616
1 9 553
1 10 986
1 11 358
1 12 324
1 13 342
1 14 375
1 15 396
1 16 95
1 17 19
1 18 820
1 19 317
1 20 707
1 21 434
1 22 78
1 23 423
1 24 128
1 25 865
1 26 738
1 27 147
1 28 524
1 29 219
1 30 415
1 31 998
1 32 543
1 33 573
1 34 230
1 35 191
1 36 488
1 37 107
1 38 607
1 39 325
1 40 116
1 41 14
1 42 942
1 43 848
1 44 588
1 45 579
1 46 894
1 47 143
1 48 820
1 49 804
1 50 30
1 51 472
1 52 720
1 53 92
1 54 325
1 55 547
1 56 328
1 57 778
1 58 381
1 59 413
1 60 245
1 61 972
1 62 742
1 63 168
1 64 291
1 65 163
1 66 833
1 67 537
1 68 345
1 69 91
1 70 943
1 71 315
1 72 459
1 73 816
1 74 128
1 75 312
1 76 561
1 77 523
1 78 918
1 79 841
1 80 474
1 81 680
1 82 415
1 83 209
1 84 798
1 85 402
1 86 178
1 87 202
1 88 511
1 89 48
1 90 692
1 91 877
1 92 284
1 93 393
1 94 193
1 95 872
1 96 202
1 97 202
1 98 507
1 99 893
1 100 23
2 3 4
2 4 565
2 5 647
2 6 945
2 7 785
2 8 324
2 9 571
2 10 114
2 11 882
2 12 410
2 13 968
2 14 629
2 15 94
2 16 298
2 17 666
2 18 740
2 19 458
2 20 133
2 21 531
2 22 83
2 23 226
2 24 655
2 25 19
2 26 72
2 27 432
2 28 55
2 29 454
2 30 572
2 31 756
2 32 10
2 33 933
2 34 424
2 35 802
2 36 323
2 37 935
2 38 85
2 39 647
2 40 32
2 41 862
2 42 594
2 43 194
2 44 630
2 45 858
2 46 689
2 47 610
2 48 433
2 49 941
2 50 942
2 51 785
2 52 360
2 53 306
2 54 58
2 55 880
2 56 304
2 57 990
2 58 427
2 59 410
2 60 241
2 61 535
2 62 149
2 63 500
2 64 889
2 65 660
2 66 557
2 67 207
2 68 474
2 69 174
2 70 396
2 71 342
2 72 168
2 73 449
2 74 603
2 75 542
2 76 703
2 77 965
2 78 901
2 79 855
2 80 763
2 81 623
2 82 383
2 83 410
2 84 706
2 85 788
2 86 700
2 87 358
2 88 463
2 89 997
2 90 693
2 91 666
2 92 433
2 93 23
2 94 640
2 95 751
2 96 874
2 97 295
2 98 145
2 99 370
2 100 775
3 4 112
3 5 810
3 6 420
3 7 555
3 8 739
3 9 292
3 10 31
3 11 280
3 12 20
3 13 771
3 14 968
3 15 122
3 16 496
3 17 875
3 18 734
3 19 507
3 20 925
3 21 721
3 22 520
3 23 552
3 24 464
3 25 314
3 26 314
3 27 872
3 28 718
3 29 853
3 30 835
3 31 312
3 32 383
3 33 127
3 34 342
3 35 784
3 36 868
3 37 72
3 38 770
3 39 939
3 40 497
3 41 673
3 42 548
3 43 638
3 44 779
3 45 835
3 46 181
3 47 726
3 48 852
3 49 825
3 50 207
3 51 439
3 52 894
3 53 465
3 54 665
3 55 900
3 56 110
3 57 300
3 58 428
3 59 333
3 60 2
3 61 539
3 62 499
3 63 265
3 64 564
3 65 841
3 66 829
3 67 229
3 68 885
3 69 783
3 70 65
3 71 682
3 72 65
3 73 654
3 74 296
3 75 680
3 76 597
3 77 743
3 78 347
3 79 459
3 80 661
3 81 773
3 82 42
3 83 279
3 84 9
3 85 982
3 86 495
3 87 595
3 88 292
3 89 178
3 90 300
3 91 794
3 92 396
3 93 616
3 94 912
3 95 844
3 96 682
3 97 430
3 98 783
3 99 27
3 100 701
4 5 535
4 6 241
4 7 270
4 8 348
4 9 409
4 10 383
4 11 379
4 12 470
4 13 350
4 14 291
4 15 700
4 16 744
4 17 41
4 18 100
4 19 577
4 20 259
4 21 972
4 22 619
4 23 616
4 24 315
4 25 774
4 26 652
4 27 172
4 28 332
4 29 426
4 30 412
4 31 209
4 32 904
4 33 897
4 34 264
4 35 555
4 36 655
4 37 979
4 38 601
4 39 280
4 40 643
4 41 769
4 42 970
4 43 147
4 44 437
4 45 674
4 46 58
4 47 619
4 48 747
4 49 839
4 50 75
4 51 172
4 52 532
4 53 586
4 54 756
4 55 656
4 56 60
4 57 91
4 58 880
4 59 772
4 60 427
4 61 941
4 62 853
4 63 84
4 64 529
4 65 296
4 66 107
4 67 652
4 68 659
4 69 917
4 70 871
4 71 55
4 72 859
4 73 348
4 74 880
4 75 546
4 76 892
4 77 469
4 78 992
4 79 913
4 80 513
4 81 390
4 82 197
4 83 757
4 84 943
4 85 966
4 86 765
4 87 371
4 88 943
4 89 116
4 90 825
4 91 469
4 92 67
4 93 414
4 94 592
4 95 415
4 96 678
4 97 98
4 98 802
4 99 570
4 100 864
5 6 843
5 7 282
5 8 54
5 9 131
5 10 226
5 11 905
5 12 489
5 13 476
5 14 90
5 15 995
5 16 24
5 17 443
5 18 335
5 19 846
5 20 334
5 21 893
5 22 597
5 23 838
5 24 376
5 25 853
5 26 374
5 27 103
5 28 101
5 29 132
5 30 269
5 31 993
5 32 61
5 33 726
5 34 442
5 35 135
5 36 978
5 37 293
5 38 963
5 39 771
5 40 526
5 41 71
5 42 126
5 43 315
5 44 10
5 45 915
5 46 597
5 47 708
5 48 295
5 49 932
5 50 482
5 51 221
5 52 922
5 53 31
5 54 630
5 55 83
5 56 446
5 57 733
5 58 766
5 59 235
5 60 128
5 61 491
5 62 498
5 63 829
5 64 668
5 65 143
5 66 326
5 67 84
5 68 514
5 69 719
5 70 906
5 71 386
5 72 652
5 73 757
5 74 947
5 75 902
5 76 15
5 77 100
5 78 701
5 79 920
5 80 517
5 81 731
5 82 766
5 83 698
5 84 894
5 85 452
5 86 842
5 87 311
5 88 338
5 89 874
5 90 200
5 91 892
5 92 980
5 93 126
5 94 310
5 95 532
5 96 487
5 97 899
5 98 517
5 99 425
5 100 596
6 7 701
6 8 220
6 9 7
6 10 266
6 11 713
6 12 85
6 13 973
6 14 42
6 15 899
6 16 949
6 17 679
6 18 396
6 19 152
6 20 781
6 21 309
6 22 516
6 23 798
6 24 425
6 25 675
6 26 23
6 27 990
6 28 802
6 29 111
6 30 433
6 31 422
6 32 395
6 33 755
6 34 852
6 35 862
6 36 799
6 37 108
6 38 851
6 39 263
6 40 915
6 41 681
6 42 733
6 43 805
6 44 887
6 45 548
6 46 751
6 47 815
6 48 133
6 49 325
6 50 607
6 51 421
6 52 11
6 53 274
6 54 90
6 55 655
6 56 756
6 57 524
6 58 871
6 59 410
6 60 806
6 61 45
6 62 287
6 63 637
6 64 154
6 65 257
6 66 819
6 67 606
6 68 194
6 69 674
6 70 46
6 71 978
6 72 200
6 73 7
6 74 747
6 75 208
6 76 298
6 77 339
6 78 514
6 79 173
6 80 64
6 81 995
6 82 480
6 83 481
6 84 210
6 85 694
6 86 675
6 87 180
6 88 676
6 89 121
6 90 86
6 91 343
6 92 535
6 93 494
6 94 911
6 95 884
6 96 650
6 97 385
6 98 477
6 99 339
6 100 244
7 8 27
7 9 622
7 10 865
7 11 68
7 12 332
7 13 744
7 14 292
7 15 955
7 16 755
7 17 546
7 18 56
7 19 692
7 20 917
7 21 901
7 22 149
7 23 325
7 24 987
7 25 449
7 26 828
7 27 456
7 28 91
7 29 498
7 30 129
7 31 757
7 32 866
7 33 231
7 34 316
7 35 364
7 36 304
7 37 853
7 38 807
7 39 592
7 40 696
7 41 523
7 42 270
7 43 383
7 44 68
7 45 184
7 46 607
7 47 962
7 48 524
7 49 104
7 50 575
7 51 208
7 52 856
7 53 686
7 54 104
7 55 910
7 56 816
7 57 861
7 58 481
7 59 802
7 60 776
7 61 311
7 62 143
7 63 151
7 64 544
7 65 999
7 66 657
7 67 589
7 68 130
7 69 802
7 70 876
7 71 279
7 72 398
7 73 698
7 74 895
7 75 992
7 76 900
7 77 69
7 78 129
7 79 28
7 80 382
7 81 833
7 82 221
7 83 911
7 84 957
7 85 935
7 86 583
7 87 115
7 88 381
7 89 242
7 90 50
7 91 235
7 92 781
7 93 639
7 94 267
7 95 662
7 96 690
7 97 277
7 98 563
7 99 588
7 100 728
8 9 57
8 10 382
8 11 206
8 12 886
8 13 801
8 14 284
8 15 558
8 16 323
8 17 29
8 18 949
8 19 709
8 20 99
8 21 570
8 22 891
8 23 208
8 24 872
8 25 529
8 26 240
8 27 191
8 28 501
8 29 602
8 30 845
8 31 513
8 32 98
8 33 311
8 34 116
8 35 729
8 36 241
8 37 497
8 38 589
8 39 613
8 40 363
8 41 814
8 42 426
8 43 859
8 44 123
8 45 266
8 46 170
8 47 848
8 48 3
8 49 562
8 50 417
8 51 842
8 52 545
8 53 834
8 54 340
8 55 835
8 56 266
8 57 721
8 58 967
8 59 190
8 60 207
8 61 219
8 62 764
8 63 781
8 64 30
8 65 25
8 66 465
8 67 321
8 68 612
8 69 413
8 70 333
8 71 492
8 72 823
8 73 951
8 74 338
8 75 634
8 76 768
8 77 514
8 78 30
8 79 169
8 80 758
8 81 572
8 82 674
8 83 802
8 84 656
8 85 242
8 86 421
8 87 995
8 88 64
8 89 886
8 90 124
8 91 456
8 92 758
8 93 659
8 94 905
8 95 742
8 96 940
8 97 260
8 98 389
8 99 118
8 100 825
9 10 530
9 11 222
9 12 346
9 13 831
9 14 728
9 15 460
9 16 682
9 17 614
9 18 892
9 19 334
9 20 434
9 21 970
9 22 448
9 23 889
9 24 178
9 25 459
9 26 65
9 27 92
9 28 861
9 29 139
9 30 540
9 31 955
9 32 276
9 33 915
9 34 482
9 35 785
9 36 98
9 37 360
9 38 90
9 39 935
9 40 121
9 41 980
9 42 206
9 43 306
9 44 936
9 45 844
9 46 868
9 47 291
9 48 211
9 49 944
9 50 643
9 51 225
9 52 682
9 53 48
9 54 558
9 55 166
9 56 147
9 57 490
9 58 810
9 59 863
9 60 502
9 61 117
9 62 314
9 63 333
9 64 222
9 65 954
9 66 313
9 67 996
9 68 899
9 69 165
9 70 546
9 71 882
9 72 660
9 73 943
9 74 148
9 75 255
9 76 412
9 77 376
9 78 171
9 79 430
9 80 923
9 81 592
9 82 285
9 83 763
9 84 561
9 85 653
9 86 381
9 87 395
9 88 457
9 89 3
9 90 938
9 91 435
9 92 675
9 93 142
9 94 742
9 95 567
9 96 137
9 97 136
9 98 560
9 99 745
9 100 868
10 11 987
10 12 593
10 13 124
10 14 596
10 15 433
10 16 800
10 17 344
10 18 712
10 19 288
10 20 66
10 21 222
10 22 755
10 23 755
10 24 406
10 25 341
10 26 34
10 27 916
10 28 401
10 29 163
10 30 960
10 31 522
10 32 662
10 33 402
10 34 533
10 35 848
10 36 195
10 37 199
10 38 507
10 39 834
10 40 921
10 41 632
10 42 495
10 43 211
10 44 757
10 45 71
10 46 152
10 47 474
10 48 747
10 49 551
10 50 376
10 51 387
10 52 672
10 53 46
10 54 144
10 55 709
10 56 419
10 57 450
10 58 314
10 59 383
10 60 302
10 61 510
10 62 474
10 63 777
10 64 777
10 65 166
10 66 280
10 67 703
10 68 950
10 69 892
10 70 632
10 71 80
10 72 904
10 73 508
10 74 234
10 75 628
10 76 726
10 77 625
10 78 564
10 79 385
10 80 775
10 81 882
10 82 398
10 83 445
10 84 926
10 85 989
10 86 105
10 87 537
10 88 49
10 89 526
10 90 550
10 91 806
10 92 947
10 93 788
10 94 831
10 95 980
10 96 863
10 97 762
10 98 305
10 99 479
10 100 375
11 12 891
11 13 75
11 14 919
11 15 330
11 16 704
11 17 269
11 18 979
11 19 230
11 20 404
11 21 305
11 22 452
11 23 827
11 24 717
11 25 595
11 26 740
11 27 462
11 28 14
11 29 45
11 30 328
11 31 900
11 32 314
11 33 97
11 34 449
11 35 549
11 36 625
11 37 400
11 38 700
11 39 411
11 40 864
11 41 411
11 42 634
11 43 252
11 44 109
11 45 782
11 46 671
11 47 418
11 48 315
11 49 224
11 50 205
11 51 714
11 52 83
11 53 406
11 54 354
11 55 497
11 56 67
11 57 298
11 58 108
11 59 665
11 60 473
11 61 686
11 62 709
11 63 371
11 64 413
11 65 381
11 66 520
11 67 925
11 68 900
11 69 956
11 70 65
11 71 325
11 72 435
11 73 261
11 74 873
11 75 105
11 76 424
11 77 525
11 78 288
11 79 323
11 80 172
11 81 339
11 82 814
11 83 734
11 84 519
11 85 152
11 86 605
11 87 167
11 88 170
11 89 279
11 90 227
11 91 704
11 92 172
11 93 973
11 94 537
11 95 372
11 96 258
11 97 371
11 98 276
11 99 550
11 100 818
12 13 360
12 14 707
12 15 56
12 16 439
12 17 646
12 18 470
12 19 888
12 20 753
12 21 681
12 22 357
12 23 61
12 24 665
12 25 861
12 26 850
12 27 284
12 28 559
12 29 139
12 30 262
12 31 55
12 32 882
12 33 666
12 34 198
12 35 916
12 36 866
12 37 162
12 38 404
12 39 526
12 40 346
12 41 552
12 42 107
12 43 969
12 44 353
12 45 37
12 46 738
12 47 522
12 48 117
12 49 433
12 50 105
12 51 958
12 52 487
12 53 101
12 54 766
12 55 668
12 56 645
12 57 872
12 58 645
12 59 902
12 60 432
12 61 112
12 62 657
12 63 433
12 64 775
12 65 879
12 66 777
12 67 314
12 68 562
12 69 49
12 70 697
12 71 699
12 72 824
12 73 54
12 74 732
12 75 237
12 76 690
12 77 434
12 78 32
12 79 499
12 80 909
12 81 395
12 82 648
12 83 336
12 84 395
12 85 185
12 86 667
12 87 141
12 88 897
12 89 819
12 90 242
12 91 900
12 92 977
12 93 246
12 94 182
12 95 915
12 96 451
12 97 572
12 98 805
12 99 973
12 100 17
13 14 660
13 15 661
13 16 65
13 17 585
13 18 631
13 19 732
13 20 157
13 21 363
13 22 257
13 23 762
13 24 779
13 25 424
13 26 943
13 27 150
13 28 783
13 29 418
13 30 480
13 31 762
13 32 459
13 33 92
13 34 375
13 35 59
13 36 80
13 37 107
13 38 925
13 39 429
13 40 371
13 41 586
13 42 286
13 43 349
13 44 815
13 45 346
13 46 54
13 47 702
13 48 845
13 49 571
13 50 813
13 51 948
13 52 356
13 53 567
13 54 541
13 55 101
13 56 652
13 57 281
13 58 405
13 59 97
13 60 591
13 61 444
13 62 861
13 63 182
13 64 342
13 65 105
13 66 5
13 67 74
13 68 234
13 69 948
13 70 318
13 71 63
13 72 326
13 73 936
13 74 873
13 75 165
13 76 862
13 77 178
13 78 864
13 79 380
13 80 504
13 81 740
13 82 720
13 83 599
13 84 588
13 85 494
13 86 143
13 87 708
13 88 559
13 89 611
13 90 881
13 91 486
13 92 731
13 93 914
13 94 211
13 95 383
13 96 743
13 97 928
13 98 140
13 99 79
13 100 655
14 15 179
14 16 725
14 17 774
14 18 278
14 19 342
14 20 888
14 21 155
14 22 228
14 23 978
14 24 214
14 25 694
14 26 614
14 27 110
14 28 903
14 29 763
14 30 469
14 31 492
14 32 678
14 33 711
14 34 309
14 35 85
14 36 572
14 37 807
14 38 201
14 39 620
14 40 943
14 41 340
14 42 846
14 43 987
14 44 261
14 45 879
14 46 142
14 47 363
14 48 75
14 49 610
14 50 11
14 51 739
14 52 736
14 53 605
14 54 974
14 55 348
14 56 697
14 57 174
14 58 196
14 59 201
14 60 360
14 61 756
14 62 217
14 63 766
14 64 325
14 65 57
14 66 234
14 67 677
14 68 816
14 69 809
14 70 892
14 71 114
14 72 769
14 73 867
14 74 164
14 75 223
14 76 372
14 77 8
14 78 852
14 79 68
14 80 12
14 81 621
14 82 810
14 83 457
14 84 395
14 85 573
14 86 360
14 87 339
14 88 292
14 89 19
14 90 198
14 91 645
14 92 533
14 93 748
14 94 428
14 95 784
14 96 688
14 97 428
14 98 755
14 99 837
14 100 614
15 16 854
15 17 469
15 18 254
15 19 962
15 20 715
15 21 171
15 22 790
15 23 123
15 24 142
15 25 646
15 26 820
15 27 111
15 28 830
15 29 939
15 30 889
15 31 157
15 32 738
15 33 193
15 34 201
15 35 381
15 36 723
15 37 536
15 38 746
15 39 712
15 40 682
15 41 499
15 42 167
15 43 102
15 44 970
15 45 259
15 46 367
15 47 932
15 48 847
15 49 883
15 50 727
15 51 486
15 52 358
15 53 772
15 54 36
15 55 89
15 56 276
15 57 589
15 58 145
15 59 470
15 60 678
15 61 619
15 62 157
15 63 549
15 64 570
15 65 112
15 66 598
15 67 196
15 68 498
15 69 131
15 70 502
15 71 899
15 72 260
15 73 628
15 74 807
15 75 937
15 76 894
15 77 712
15 78 730
15 79 500
15 80 133
15 81 911
15 82 534
15 83 950
15 84 138
15 85 68
15 86 276
15 87 93
15 88 718
15 89 260
15 90 393
15 91 940
15 92 461
15 93 122
15 94 383
15 95 249
15 96 996
15 97 475
15 98 325
15 99 255
15 100 989
16 17 887
16 18 632
16 19 59
16 20 936
16 21 369
16 22 352
16 23 288
16 24 920
16 25 203
16 26 57
16 27 210
16 28 534
16 29 196
16 30 128
16 31 813
16 32 416
16 33 189
16 34 11
16 35 62
16 36 736
16 37 385
16 38 32
16 39 263
16 40 950
16 41 698
16 42 365
16 43 622
16 44 542
16 45 145
16 46 849
16 47 296
16 48 912
16 49 993
16 50 122
16 51 973
16 52 780
16 53 448
16 54 504
16 55 466
16 56 399
16 57 547
16 58 800
16 59 858
16 60 752
16 61 390
16 62 323
16 63 712
16 64 500
16 65 527
16 66 33
16 67 374
16 68 547
16 69 390
16 70 630
16 71 667
16 72 316
16 73 375
16 74 899
16 75 389
16 76 670
16 77 562
16 78 356
16 79 184
16 80 443
16 81 743
16 82 85
16 83 673
16 84 418
16 85 796
16 86 779
16 87 543
16 88 793
16 89 878
16 90 852
16 91 639
16 92 978
16 93 949
16 94 139
16 95 193
16 96 753
16 97 585
16 98 154
16 99 296
16 100 646
17 18 312
17 19 729
17 20 959
17 21 57
17 22 437
17 23 208
17 24 906
17 25 475
17 26 752
17 27 908
17 28 706
17 29 306
17 30 391
17 31 730
17 32 746
17 33 184
17 34 426
17 35 954
17 36 836
17 37 304
17 38 865
17 39 306
17 40 325
17 41 618
17 42 616
17 43 346
17 44 522
17 45 352
17 46 409
17 47 482
17 48 115
17 49 839
17 50 199
17 51 24
17 52 546
17 53 661
17 54 750
17 55 479
17 56 645
17 57 489
17 58 590
17 59 312
17 60 632
17 61 641
17 62 341
17 63 601
17 64 4
17 65 142
17 66 424
17 67 771
17 68 653
17 69 317
17 70 440
17 71 515
17 72 249
17 73 640
17 74 887
17 75 381
17 76 982
17 77 925
17 78 944
17 79 943
17 80 344
17 81 564
17 82 488
17 83 25
17 84 582
17 85 284
17 86 795
17 87 716
17 88 577
17 89 679
17 90 523
17 91 508
17 92 684
17 93 28
17 94 668
17 95 390
17 96 382
17 97 431
17 98 507
17 99 520
17 100 115
18 19 860
18 20 332
18 21 262
18 22 166
18 23 502
18 24 835
18 25 577
18 26 646
18 27 618
18 28 992
18 29 793
18 30 509
18 31 294
18 32 522
18 33 38
18 34 665
18 35 524
18 36 92
18 37 896
18 38 459
18 39 661
18 40 652
18 41 686
18 42 22
18 43 122
18 44 868
18 45 119
18 46 322
18 47 925
18 48 679
18 49 927
18 50 516
18 51 902
18 52 704
18 53 157
18 54 196
18 55 880
18 56 229
18 57 521
18 58 385
18 59 44
18 60 858
18 61 766
18 62 991
18 63 293
18 64 223
18 65 102
18 66 685
18 67 795
18 68 761
18 69 76
18 70 752
18 71 492
18 72 466
18 73 681
18 74 489
18 75 730
18 76 192
18 77 944
18 78 345
18 79 394
18 80 550
18 81 228
18 82 920
18 83 533
18 84 829
18 85 164
18 86 369
18 87 562
18 88 97
18 89 606
18 90 755
18 91 728
18 92 367
18 93 503
18 94 759
18 95 12
18 96 174
18 97 215
18 98 1
18 99 596
18 100 127
19 20 645
19 21 565
19 22 288
19 23 436
19 24 112
19 25 917
19 26 598
19 27 329
19 28 664
19 29 76
19 30 907
19 31 799
19 32 127
19 33 275
19 34 286
19 35 586
19 36 684
19 37 641
19 38 804
19 39 350
19 40 349
19 41 46
19 42 109
19 43 249
19 44 12
19 45 42
19 46 509
19 47 819
19 48 490
19 49 151
19 50 218
19 51 165
19 52 88
19 53 842
19 54 754
19 55 198
19 56 401
19 57 258
19 58 879
19 59 251
19 60 315
19 61 561
19 62 49
19 63 905
19 64 437
19 65 939
19 66 826
19 67 464
19 68 160
19 69 835
19 70 513
19 71 449
19 72 45
19 73 537
19 74 466
19 75 147
19 76 173
19 77 567
19 78 889
19 79 453
19 80 11
19 81 92
19 82 847
19 83 978
19 84 506
19 85 308
19 86 565
19 87 791
19 88 926
19 89 526
19 90 579
19 91 253
19 92 674
19 93 858
19 94 386
19 95 923
19 96 349
19 97 8
19 98 279
19 99 733
19 100 890
20 21 779
20 22 677
20 23 555
20 24 676
20 25 852
20 26 60
20 27 949
20 28 910
20 29 790
20 30 844
20 31 280
20 32 48
20 33 633
20 34 252
20 35 362
20 36 230
20 37 99
20 38 982
20 39 636
20 40 559
20 41 375
20 42 965
20 43 239
20 44 224
20 45 681
20 46 941
20 47 90
20 48 697
20 49 590
20 50 979
20 51 148
20 52 882
20 53 353
20 54 522
20 55 938
20 56 598
20 57 555
20 58 906
20 59 565
20 60 351
20 61 982
20 62 460
20 63 357
20 64 292
20 65 497
20 66 428
20 67 978
20 68 326
20 69 653
20 70 493
20 71 181
20 72 77
20 73 461
20 74 709
20 75 532
20 76 420
20 77 410
20 78 207
20 79 984
20 80 72
20 81 115
20 82 729
20 83 572
20 84 817
20 85 592
20 86 830
20 87 428
20 88 385
20 89 292
20 90 846
20 91 670
20 92 419
20 93 730
20 94 338
20 95 982
20 96 452
20 97 628
20 98 75
20 99 838
20 100 383
21 22 174
21 23 681
21 24 66
21 25 705
21 26 444
21 27 901
21 28 908
21 29 33
21 30 709
21 31 271
21 32 405
21 33 173
21 34 198
21 35 660
21 36 494
21 37 893
21 38 340
21 39 338
21 40 411
21 41 496
21 42 933
21 43 403
21 44 93
21 45 241
21 46 866
21 47 315
21 48 554
21 49 285
21 50 955
21 51 613
21 52 78
21 53 535
21 54 335
21 55 398
21 56 967
21 57 765
21 58 383
21 59 348
21 60 780
21 61 878
21 62 363
21 63 26
21 64 795
21 65 330
21 66 394
21 67 998
21 68 628
21 69 275
21 70 35
21 71 280
21 72 71
21 73 186
21 74 328
21 75 641
21 76 436
21 77 421
21 78 623
21 79 966
21 80 138
21 81 75
21 82 341
21 83 176
21 84 629
21 85 656
21 86 495
21 87 173
21 88 711
21 89 415
21 90 956
21 91 94
21 92 613
21 93 51
21 94 631
21 95 681
21 96 818
21 97 363
21 98 314
21 99 610
21 100 924
22 23 396
22 24 560
22 25 94
22 26 781
22 27 572
22 28 280
22 29 558
22 30 790
22 31 199
22 32 502
22 33 754
22 34 694
22 35 34
22 36 543
22 37 972
22 38 152
22 39 591
22 40 855
22 41 244
22 42 998
22 43 575
22 44 221
22 45 518
22 46 868
22 47 870
22 48 716
22 49 491
22 50 747
22 51 328
22 52 595
22 53 12
22 54 409
22 55 851
22 56 874
22 57 509
22 58 16
22 59 50
22 60 45
22 61 818
22 62 665
22 63 772
22 64 712
22 65 495
22 66 162
22 67 589
22 68 656
22 69 555
22 70 939
22 71 865
22 72 41
22 73 381
22 74 493
22 75 10
22 76 909
22 77 910
22 78 523
22 79 359
22 80 693
22 81 894
22 82 94
22 83 780
22 84 646
22 85 140
22 86 681
22 87 985
22 88 249
22 89 329
22 90 323
22 91 694
22 92 177
22 93 550
22 94 646
22 95 919
22 96 872
22 97 427
22 98 349
22 99 107
22 100 233
23 24 161
23 25 783
23 26 610
23 27 750
23 28 258
23 29 400
23 30 284
23 31 678
23 32 418
23 33 145
23 34 461
23 35 294
23 36 534
23 37 750
23 38 921
23 39 597
23 40 230
23 41 648
23 42 299
23 43 881
23 44 524
23 45 908
23 46 567
23 47 853
23 48 494
23 49 18
23 50 621
23 51 70
23 52 804
23 53 915
23 54 837
23 55 316
23 56 691
23 57 237
23 58 730
23 59 990
23 60 303
23 61 759
23 62 165
23 63 933
23 64 185
23 65 61
23 66 757
23 67 544
23 68 825
23 69 800
23 70 364
23 71 847
23 72 674
23 73 238
23 74 802
23 75 152
23 76 442
23 77 979
23 78 305
23 79 16
23 80 710
23 81 552
23 82 363
23 83 884
23 84 656
23 85 272
23 86 437
23 87 215
23 88 733
23 89 848
23 90 273
23 91 279
23 92 607
23 93 647
23 94 786
23 95 913
23 96 740
23 97 390
23 98 747
23 99 797
23 100 309
24 25 827
24 26 930
24 27 312
24 28 495
24 29 43
24 30 548
24 31 87
24 32 705
24 33 966
24 34 809
24 35 428
24 36 351
24 37 981
24 38 405
24 39 169
24 40 705
24 41 884
24 42 823
24 43 486
24 44 266
24 45 385
24 46 92
24 47 442
24 48 199
24 49 403
24 50 244
24 51 969
24 52 379
24 53 406
24 54 106
24 55 264
24 56 638
24 57 160
24 58 484
24 59 541
24 60 68
24 61 487
24 62 457
24 63 429
24 64 234
24 65 919
24 66 891
24 67 602
24 68 702
24 69 978
24 70 262
24 71 337
24 72 936
24 73 632
24 74 184
24 75 338
24 76 262
24 77 653
24 78 74
24 79 957
24 80 264
24 81 537
24 82 89
24 83 628
24 84 194
24 85 551
24 86 152
24 87 605
24 88 670
24 89 258
24 90 638
24 91 778
24 92 796
24 93 498
24 94 267
24 95 242
24 96 295
24 97 311
24 98 404
24 99 173
24 100 742
25 26 596
25 27 419
25 28 450
25 29 912
25 30 658
25 31 289
25 32 372
25 33 719
25 34 225
25 35 58
25 36 391
25 37 499
25 38 142
25 39 198
25 40 279
25 41 356
25 42 825
25 43 214
25 44 108
25 45 852
25 46 859
25 47 902
25 48 918
25 49 604
25 50 406
25 51 511
25 52 92
25 53 520
25 54 337
25 55 99
25 56 152
25 57 994
25 58 233
25 59 63
25 60 212
25 61 948
25 62 206
25 63 293
25 64 55
25 65 643
25 66 679
25 67 484
25 68 940
25 69 403
25 70 24
25 71 193
25 72 448
25 73 192
25 74 130
25 75 907
25 76 414
25 77 568
25 78 61
25 79 69
25 80 471
25 81 140
25 82 380
25 83 542
25 84 909
25 85 723
25 86 536
25 87 197
25 88 80
25 89 525
25 90 301
25 91 866
25 92 490
25 93 707
25 94 744
25 95 564
25 96 653
25 97 301
25 98 678
25 99 655
25 100 20
26 27 141
26 28 789
26 29 578
26 30 759
26 31 943
26 32 336
26 33 14
26 34 501
26 35 186
26 36 991
26 37 315
26 38 500
26 39 117
26 40 149
26 41 508
26 42 737
26 43 57
26 44 194
26 45 610
26 46 837
26 47 233
26 48 468
26 49 384
26 50 707
26 51 48
26 52 439
26 53 137
26 54 805
26 55 300
26 56 423
26 57 989
26 58 992
26 59 39
26 60 378
26 61 973
26 62 91
26 63 400
26 64 385
26 65 364
26 66 453
26 67 272
26 68 32
26 69 463
26 70 766
26 71 989
26 72 58
26 73 538
26 74 681
26 75 264
26 76 842
26 77 400
26 78 845
26 79 256
26 80 712
26 81 590
26 82 102
26 83 797
26 84 978
26 85 324
26 86 545
26 87 600
26 88 550
26 89 709
26 90 68
26 91 561
26 92 919
26 93 484
26 94 847
26 95 884
26 96 250
26 97 939
26 98 864
26 99 849
26 100 638
27 28 578
27 29 64
27 30 240
27 31 103
27 32 327
27 33 540
27 34 707
27 35 776
27 36 652
27 37 133
27 38 413
27 39 564
27 40 699
27 41 658
27 42 353
27 43 190
27 44 368
27 45 695
27 46 472
27 47 730
27 48 58
27 49 148
27 50 696
27 51 748
27 52 554
27 53 161
27 54 670
27 55 680
27 56 203
27 57 200
27 58 607
27 59 663
27 60 236
27 61 915
27 62 70
27 63 751
27 64 949
27 65 304
27 66 956
27 67 563
27 68 580
27 69 831
27 70 517
27 71 412
27 72 940
27 73 875
27 74 885
27 75 614
27 76 958
27 77 771
27 78 344
27 79 99
27 80 495
27 81 768
27 82 132
27 83 976
27 84 891
27 85 303
27 86 69
27 87 693
27 88 367
27 89 795
27 90 124
27 91 167
27 92 329
27 93 408
27 94 888
27 95 838
27 96 401
27 97 325
27 98 539
27 99 122
27 100 45
28 29 91
28 30 213
28 31 800
28 32 308
28 33 178
28 34 421
28 35 266
28 36 392
28 37 558
28 38 717
28 39 791
28 40 591
28 41 931
28 42 135
28 43 563
28 44 688
28 45 435
28 46 738
28 47 231
28 48 64
28 49 551
28 50 141
28 51 904
28 52 33
28 53 652
28 54 634
28 55 707
28 56 100
28 57 943
28 58 645
28 59 820
28 60 539
28 61 334
28 62 472
28 63 943
28 64 988
28 65 73
28 66 236
28 67 957
28 68 461
28 69 826
28 70 314
28 71 797
28 72 852
28 73 926
28 74 778
28 75 765
28 76 556
28 77 735
28 78 447
28 79 914
28 80 617
28 81 198
28 82 462
28 83 11
28 84 324
28 85 835
28 86 634
28 87 274
28 88 309
28 89 23
28 90 95
28 91 10
28 92 683
28 93 815
28 94 35
28 95 446
28 96 189
28 97 879
28 98 830
28 99 48
28 100 128
29 30 954
29 31 104
29 32 196
29 33 568
29 34 384
29 35 108
29 36 329
29 37 872
29 38 416
29 39 777
29 40 539
29 41 304
29 42 825
29 43 544
29 44 374
29 45 952
29 46 618
29 47 54
29 48 378
29 49 121
29 50 2
29 51 900
29 52 119
29 53 938
29 54 691
29 55 83
29 56 372
29 57 567
29 58 847
29 59 495
29 60 732
29 61 418
29 62 806
29 63 571
29 64 14
29 65 928
29 66 149
29 67 411
29 68 903
29 69 247
29 70 834
29 71 741
29 72 109
29 73 192
29 74 695
29 75 224
29 76 559
29 77 204
29 78 131
29 79 471
29 80 52
29 81 780
29 82 792
29 83 222
29 84 360
29 85 499
29 86 502
29 87 730
29 88 169
29 89 561
29 90 976
29 91 246
29 92 49
29 93 384
29 94 766
29 95 416
29 96 362
29 97 437
29 98 407
29 99 498
29 100 702
30 31 221
30 32 240
30 33 638
30 34 373
30 35 607
30 36 335
30 37 534
30 38 620
30 39 74
30 40 572
30 41 284
30 42 585
30 43 699
30 44 692
30 45 6
30 46 611
30 47 503
30 48 824
30 49 602
30 50 280
30 51 139
30 52 235
30 53 322
30 54 454
30 55 416
30 56 501
30 57 735
30 58 899
30 59 632
30 60 481
30 61 175
30 62 726
30 63 24
30 64 11
30 65 374
30 66 716
30 67 49
30 68 534
30 69 595
30 70 299
30 71 989
30 72 451
30 73 131
30 74 208
30 75 813
30 76 691
30 77 886
30 78 858
30 79 286
30 80 427
30 81 164
30 82 648
30 83 727
30 84 705
30 85 523
30 86 848
30 87 339
30 88 159
30 89 951
30 90 412
30 91 964
30 92 853
30 93 434
30 94 50
30 95 146
30 96 568
30 97 337
30 98 950
30 99 327
30 100 418
31 32 978
31 33 340
31 34 488
31 35 497
31 36 532
31 37 58
31 38 869
31 39 557
31 40 544
31 41 432
31 42 321
31 43 536
31 44 771
31 45 574
31 46 838
31 47 396
31 48 496
31 49 326
31 50 201
31 51 816
31 52 979
31 53 714
31 54 83
31 55 905
31 56 67
31 57 153
31 58 840
31 59 279
31 60 275
31 61 56
31 62 451
31 63 123
31 64 734
31 65 782
31 66 159
31 67 907
31 68 200
31 69 504
31 70 151
31 71 509
31 72 548
31 73 699
31 74 869
31 75 931
31 76 88
31 77 911
31 78 685
31 79 229
31 80 961
31 81 165
31 82 641
31 83 603
31 84 164
31 85 323
31 86 967
31 87 506
31 88 32
31 89 205
31 90 552
31 91 851
31 92 92
31 93 833
31 94 124
31 95 368
31 96 126
31 97 805
31 98 302
31 99 570
31 100 981
32 33 111
32 34 357
32 35 233
32 36 587
32 37 30
32 38 400
32 39 76
32 40 527
32 41 520
32 42 259
32 43 471
32 44 196
32 45 848
32 46 30
32 47 305
32 48 976
32 49 563
32 50 803
32 51 928
32 52 714
32 53 110
32 54 533
32 55 697
32 56 308
32 57 495
32 58 527
32 59 603
32 60 923
32 61 740
32 62 220
32 63 453
32 64 779
32 65 559
32 66 996
32 67 250
32 68 550
32 69 27
32 70 296
32 71 721
32 72 258
32 73 834
32 74 572
32 75 405
32 76 435
32 77 739
32 78 247
32 79 512
32 80 526
32 81 940
32 82 219
32 83 617
32 84 55
32 85 733
32 86 770
32 87 704
32 88 720
32 89 226
32 90 507
32 91 881
32 92 207
32 93 467
32 94 151
32 95 820
32 96 237
32 97 608
32 98 406
32 99 753
32 100 446
33 34 21
33 35 258
33 36 97
33 37 759
33 38 715
33 39 581
33 40 323
33 41 604
33 42 823
33 43 598
33 44 469
33 45 363
33 46 585
33 47 32
33 48 693
33 49 669
33 50 248
33 51 768
33 52 428
33 53 116
33 54 802
33 55 48
33 56 279
33 57 339
33 58 969
33 59 459
33 60 16
33 61 877
33 62 578
33 63 601
33 64 625
33 65 113
33 66 621
33 67 181
33 68 458
33 69 414
33 70 665
33 71 845
33 72 807
33 73 516
33 74 109
33 75 572
33 76 818
33 77 379
33 78 694
33 79 176
33 80 342
33 81 359
33 82 486
33 83 217
33 84 238
33 85 581
33 86 962
33 87 899
33 88 384
33 89 392
33 90 45
33 91 371
33 92 822
33 93 174
33 94 169
33 95 708
33 96 109
33 97 420
33 98 710
33 99 43
33 100 583
34 35 149
34 36 337
34 37 510
34 38 859
34 39 304
34 40 710
34 41 687
34 42 456
34 43 189
34 44 195
34 45 10
34 46 912
34 47 85
34 48 602
34 49 213
34 50 560
34 51 451
34 52 258
34 53 284
34 54 53
34 55 838
34 56 946
34 57 79
34 58 458
34 59 435
34 60 564
34 61 121
34 62 735
34 63 116
34 64 253
34 65 380
34 66 121
34 67 765
34 68 229
34 69 80
34 70 69
34 71 165
34 72 607
34 73 806
34 74 448
34 75 126
34 76 877
34 77 461
34 78 759
34 79 295
34 80 286
34 81 337
34 82 377
34 83 487
34 84 674
34 85 375
34 86 512
34 87 922
34 88 157
34 89 569
34 90 243
34 91 442
34 92 631
34 93 632
34 94 944
34 95 620
34 96 966
34 97 984
34 98 176
34 99 919
34 100 513
35 36 866
35 37 691
35 38 76
35 39 811
35 40 549
35 41 627
35 42 257
35 43 523
35 44 57
35 45 536
35 46 200
35 47 633
35 48 534
35 49 419
35 50 947
35 51 744
35 52 515
35 53 955
35 54 622
35 55 408
35 56 931
35 57 56
35 58 292
35 59 824
35 60 977
35 61 752
35 62 818
35 63 229
35 64 388
35 65 883
35 66 375
35 67 214
35 68 777
35 69 248
35 70 793
35 71 827
35 72 801
35 73 627
35 74 327
35 75 720
35 76 854
35 77 405
35 78 515
35 79 829
35 80 465
35 81 368
35 82 828
35 83 310
35 84 729
35 85 528
35 86 676
35 87 714
35 88 416
35 89 364
35 90 403
35 91 999
35 92 271
35 93 216
35 94 16
35 95 764
35 96 899
35 97 626
35 98 430
35 99 769
35 100 296
36 37 221
36 38 48
36 39 516
36 40 69
36 41 165
36 42 436
36 43 230
36 44 257
36 45 354
36 46 670
36 47 235
36 48 876
36 49 503
36 50 616
36 51 209
36 52 648
36 53 536
36 54 917
36 55 62
36 56 868
36 57 27
36 58 518
36 59 393
36 60 531
36 61 27
36 62 501
36 63 911
36 64 74
36 65 596
36 66 57
36 67 159
36 68 610
36 69 705
36 70 986
36 71 736
36 72 267
36 73 648
36 74 530
36 75 289
36 76 960
36 77 899
36 78 500
36 79 878
36 80 555
36 81 640
36 82 182
36 83 690
36 84 203
36 85 461
36 86 345
36 87 133
36 88 463
36 89 208
36 90 412
36 91 746
36 92 105
36 93 679
36 94 80
36 95 815
36 96 319
36 97 555
36 98 829
36 99 781
36 100 793
37 38 363
37 39 244
37 40 89
37 41 885
37 42 722
37 43 619
37 44 473
37 45 963
37 46 344
37 47 152
37 48 240
37 49 197
37 50 985
37 51 432
37 52 732
37 53 187
37 54 707
37 55 907
37 56 237
37 57 457
37 58 455
37 59 39
37 60 935
37 61 966
37 62 612
37 63 796
37 64 429
37 65 406
37 66 806
37 67 125
37 68 567
37 69 438
37 70 284
37 71 479
37 72 272
37 73 857
37 74 767
37 75 242
37 76 567
37 77 687
37 78 232
37 79 844
37 80 889
37 81 337
37 82 110
37 83 797
37 84 376
37 85 609
37 86 834
37 87 909
37 88 86
37 89 98
37 90 251
37 91 965
37 92 581
37 93 531
37 94 745
37 95 404
37 96 262
37 97 669
37 98 308
37 99 229
37 100 346
38 39 958
38 40 396
38 41 564
38 42 660
38 43 700
38 44 797
38 45 249
38 46 461
38 47 779
38 48 871
38 49 938
38 50 412
38 51 843
38 52 297
38 53 317
38 54 132
38 55 57
38 56 497
38 57 339
38 58 50
38 59 714
38 60 622
38 61 19
38 62 103
38 63 67
38 64 643
38 65 40
38 66 759
38 67 561
38 68 944
38 69 874
38 70 208
38 71 170
38 72 329
38 73 520
38 74 464
38 75 715
38 76 695
38 77 863
38 78 285
38 79 486
38 80 571
38 81 461
38 82 697
38 83 378
38 84 329
38 85 185
38 86 55
38 87 670
38 88 754
38 89 913
38 90 105
38 91 912
38 92 95
38 93 212
38 94 182
38 95 585
38 96 809
38 97 954
38 98 180
38 99 212
38 100 159
39 40 730
39 41 809
39 42 942
39 43 888
39 44 43
39 45 462
39 46 36
39 47 346
39 48 298
39 49 400
39 50 394
39 51 229
39 52 894
39 53 651
39 54 386
39 55 348
39 56 240
39 57 335
39 58 659
39 59 23
39 60 598
39 61 600
39 62 57
39 63 903
39 64 54
39 65 284
39 66 205
39 67 442
39 68 590
39 69 592
39 70 62
39 71 170
39 72 231
39 73 608
39 74 489
39 75 161
39 76 146
39 77 75
39 78 49
39 79 719
39 80 104
39 81 225
39 82 338
39 83 94
39 84 911
39 85 873
39 86 954
39 87 950
39 88 426
39 89 889
39 90 558
39 91 401
39 92 257
39 93 642
39 94 727
39 95 565
39 96 320
39 97 782
39 98 879
39 99 50
39 100 357
40 41 19
40 42 455
40 43 960
40 44 502
40 45 787
40 46 508
40 47 710
40 48 214
40 49 517
40 50 889
40 51 88
40 52 204
40 53 672
40 54 284
40 55 247
40 56 193
40 57 539
40 58 229
40 59 858
40 60 426
40 61 972
40 62 964
40 63 708
40 64 689
40 65 904
40 66 546
40 67 304
40 68 292
40 69 316
40 70 537
40 71 527
40 72 269
40 73 293
40 74 847
40 75 68
40 76 200
40 77 400
40 78 529
40 79 2
40 80 245
40 81 602
40 82 682
40 83 733
40 84 287
40 85 230
40 86 873
40 87 436
40 88 863
40 89 476
40 90 250
40 91 802
40 92 160
40 93 367
40 94 715
40 95 987
40 96 506
40 97 181
40 98 18
40 99 873
40 100 242
41 42 579
41 43 47
41 44 509
41 45 733
41 46 33
41 47 951
41 48 376
41 49 404
41 50 210
41 51 437
41 52 728
41 53 798
41 54 466
41 55 714
41 56 361
41 57 286
41 58 217
41 59 308
41 60 318
41 61 348
41 62 725
41 63 519
41 64 658
41 65 904
41 66 649
41 67 624
41 68 533
41 69 196
41 70 72
41 71 728
41 72 332
41 73 645
41 74 530
41 75 74
41 76 285
41 77 414
41 78 435
41 79 850
41 80 881
41 81 311
41 82 54
41 83 879
41 84 284
41 85 119
41 86 772
41 87 504
41 88 785
41 89 626
41 90 577
41 91 154
41 92 62
41 93 176
41 94 322
41 95 680
41 96 621
41 97 357
41 98 795
41 99 426
41 100 499
42 43 359
42 44 278
42 45 860
42 46 95
42 47 232
42 48 425
42 49 615
42 50 108
42 51 978
42 52 17
42 53 600
42 54 15
42 55 751
42 56 601
42 57 978
42 58 572
42 59 285
42 60 943
42 61 947
42 62 289
42 63 403
42 64 856
42 65 347
42 66 284
42 67 591
42 68 547
42 69 576
42 70 738
42 71 482
42 72 924
42 73 651
42 74 778
42 75 992
42 76 674
42 77 615
42 78 893
42 79 148
42 80 604
42 81 738
42 82 563
42 83 830
42 84 149
42 85 108
42 86 657
42 87 284
42 88 24
42 89 311
42 90 845
42 91 965
42 92 698
42 93 730
42 94 957
42 95 322
42 96 54
42 97 130
42 98 126
42 99 958
42 100 805
43 44 667
43 45 736
43 46 993
43 47 585
43 48 422
43 49 514
43 50 736
43 51 325
43 52 451
43 53 386
43 54 613
43 55 969
43 56 204
43 57 670
43 58 67
43 59 195
43 60 725
43 61 422
43 62 938
43 63 932
43 64 241
43 65 490
43 66 898
43 67 742
43 68 669
43 69 86
43 70 668
43 71 600
43 72 825
43 73 469
43 74 315
43 75 398
43 76 441
43 77 626
43 78 606
43 79 203
43 80 939
43 81 991
43 82 235
43 83 31
43 84 708
43 85 83
43 86 37
43 87 985
43 88 742
43 89 905
43 90 844
43 91 653
43 92 858
43 93 280
43 94 910
43 95 287
43 96 852
43 97 81
43 98 496
43 99 428
43 100 375
44 45 294
44 46 31
44 47 530
44 48 144
44 49 224
44 50 462
44 51 552
44 52 264
44 53 150
44 54 794
44 55 953
44 56 974
44 57 350
44 58 414
44 59 586
44 60 349
44 61 378
44 62 739
44 63 221
44 64 540
44 65 436
44 66 405
44 67 58
44 68 471
44 69 70
44 70 945
44 71 348
44 72 725
44 73 606
44 74 560
44 75 799
44 76 744
44 77 264
44 78 908
44 79 262
44 80 26
44 81 298
44 82 614
44 83 577
44 84 774
44 85 991
44 86 63
44 87 524
44 88 534
44 89 924
44 90 406
44 91 428
44 92 811
44 93 236
44 94 462
44 95 777
44 96 774
44 97 904
44 98 621
44 99 184
44 100 690
45 46 727
45 47 192
45 48 236
45 49 349
45 50 890
45 51 851
45 52 530
45 53 546
45 54 23
45 55 801
45 56 303
45 57 537
45 58 172
45 59 866
45 60 108
45 61 516
45 62 258
45 63 410
45 64 275
45 65 191
45 66 448
45 67 132
45 68 136
45 69 986
45 70 520
45 71 143
45 72 247
45 73 878
45 74 485
45 75 565
45 76 39
45 77 956
45 78 35
45 79 493
45 80 591
45 81 243
45 82 40
45 83 886
45 84 392
45 85 144
45 86 60
45 87 199
45 88 329
45 89 794
45 90 402
45 91 531
45 92 21
45 93 868
45 94 570
45 95 218
45 96 106
45 97 414
45 98 249
45 99 730
45 100 583
46 47 630
46 48 992
46 49 711
46 50 802
46 51 750
46 52 20
46 53 285
46 54 202
46 55 438
46 56 625
46 57 85
46 58 852
46 59 589
46 60 681
46 61 724
46 62 270
46 63 222
46 64 979
46 65 553
46 66 379
46 67 309
46 68 622
46 69 474
46 70 866
46 71 278
46 72 819
46 73 750
46 74 954
46 75 168
46 76 85
46 77 522
46 78 129
46 79 251
46 80 138
46 81 940
46 82 728
46 83 582
46 84 658
46 85 438
46 86 186
46 87 618
46 88 210
46 89 30
46 90 16
46 91 509
46 92 148
46 93 181
46 94 258
46 95 944
46 96 66
46 97 517
46 98 109
46 99 73
46 100 594
47 48 26
47 49 781
47 50 25
47 51 695
47 52 78
47 53 594
47 54 460
47 55 599
47 56 234
47 57 284
47 58 179
47 59 239
47 60 516
47 61 440
47 62 436
47 63 810
47 64 873
47 65 495
47 66 598
47 67 855
47 68 451
47 69 81
47 70 870
47 71 872
47 72 637
47 73 975
47 74 842
47 75 394
47 76 593
47 77 283
47 78 658
47 79 658
47 80 792
47 81 858
47 82 16
47 83 459
47 84 569
47 85 912
47 86 707
47 87 84
47 88 139
47 89 496
47 90 488
47 91 489
47 92 779
47 93 383
47 94 746
47 95 8
47 96 841
47 97 911
47 98 721
47 99 999
47 100 906
48 49 251
48 50 516
48 51 34
48 52 198
48 53 412
48 54 336
48 55 127
48 56 523
48 57 703
48 58 469
48 59 81
48 60 268
48 61 586
48 62 183
48 63 53
48 64 257
48 65 808
48 66 901
48 67 689
48 68 233
48 69 307
48 70 423
48 71 403
48 72 694
48 73 642
48 74 211
48 75 783
48 76 519
48 77 235
48 78 59
48 79 123
48 80 297
48 81 888
48 82 775
48 83 5
48 84 576
48 85 550
48 86 814
48 87 440
48 88 480
48 89 673
48 90 182
48 91 973
48 92 420
48 93 702
48 94 62
48 95 264
48 96 376
48 97 717
48 98 227
48 99 395
48 100 145
49 50 311
49 51 560
49 52 597
49 53 172
49 54 403
49 55 889
49 56 801
49 57 822
49 58 136
49 59 897
49 60 403
49 61 370
49 62 543
49 63 37
49 64 668
49 65 193
49 66 975
49 67 19
49 68 307
49 69 892
49 70 60
49 71 912
49 72 541
49 73 954
49 74 332
49 75 675
49 76 431
49 77 438
49 78 525
49 79 178
49 80 994
49 81 482
49 82 161
49 83 46
49 84 423
49 85 956
49 86 270
49 87 411
49 88 584
49 89 607
49 90 119
49 91 266
49 92 242
49 93 693
49 94 584
49 95 498
49 96 917
49 97 924
49 98 480
49 99 322
49 100 364
50 51 783
50 52 866
50 53 938
50 54 710
50 55 667
50 56 684
50 57 815
50 58 800
50 59 617
50 60 742
50 61 833
50 62 497
50 63 274
50 64 453
50 65 96
50 66 914
50 67 450
50 68 509
50 69 783
50 70 638
50 71 391
50 72 315
50 73 695
50 74 94
50 75 852
50 76 759
50 77 384
50 78 469
50 79 293
50 80 17
50 81 709
50 82 627
50 83 541
50 84 486
50 85 701
50 86 811
50 87 972
50 88 552
50 89 714
50 90 818
50 91 33
50 92 421
50 93 803
50 94 551
50 95 408
50 96 152
50 97 138
50 98 542
50 99 581
50 100 874
51 52 849
51 53 39
51 54 315
51 55 103
51 56 918
51 57 465
51 58 820
51 59 444
51 60 531
51 61 752
51 62 168
51 63 344
51 64 180
51 65 409
51 66 388
51 67 282
51 68 940
51 69 168
51 70 722
51 71 268
51 72 479
51 73 52
51 74 835
51 75 933
51 76 896
51 77 703
51 78 415
51 79 184
51 80 52
51 81 579
51 82 816
51 83 791
51 84 102
51 85 28
51 86 547
51 87 100
51 88 811
51 89 58
51 90 330
51 91 82
51 92 793
51 93 319
51 94 335
51 95 311
51 96 159
51 97 24
51 98 372
51 99 702
51 100 400
52 53 69
52 54 372
52 55 245
52 56 244
52 57 671
52 58 68
52 59 498
52 60 806
52 61 301
52 62 40
52 63 852
52 64 75
52 65 859
52 66 547
52 67 282
52 68 35
52 69 697
52 70 980
52 71 14
52 72 642
52 73 563
52 74 533
52 75 5
52 76 670
52 77 905
52 78 718
52 79 262
52 80 422
52 81 990
52 82 842
52 83 931
52 84 362
52 85 147
52 86 156
52 87 586
52 88 12
52 89 757
52 90 35
52 91 170
52 92 582
52 93 991
52 94 67
52 95 135
52 96 578
52 97 708
52 98 233
52 99 968
52 100 593
53 54 565
53 55 371
53 56 77
53 57 663
53 58 622
53 59 677
53 60 425
53 61 568
53 62 728
53 63 982
53 64 493
53 65 739
53 66 426
53 67 119
53 68 148
53 69 821
53 70 534
53 71 9
53 72 721
53 73 864
53 74 943
53 75 151
53 76 511
53 77 985
53 78 551
53 79 54
53 80 973
53 81 24
53 82 392
53 83 212
53 84 271
53 85 387
53 86 462
53 87 841
53 88 260
53 89 962
53 90 83
53 91 517
53 92 652
53 93 341
53 94 494
53 95 648
53 96 524
53 97 94
53 98 251
53 99 66
53 100 285
54 55 282
54 56 973
54 57 491
54 58 400
54 59 93
54 60 315
54 61 651
54 62 770
54 63 533
54 64 584
54 65 945
54 66 870
54 67 131
54 68 521
54 69 633
54 70 882
54 71 854
54 72 868
54 73 656
54 74 384
54 75 86
54 76 23
54 77 131
54 78 398
54 79 926
54 80 168
54 81 566
54 82 359
54 83 836
54 84 525
54 85 969
54 86 864
54 87 619
54 88 245
54 89 571
54 90 331
54 91 624
54 92 938
54 93 697
54 94 698
54 95 646
54 96 82
54 97 627
54 98 205
54 99 970
54 100 240
55 56 484
55 57 495
55 58 756
55 59 884
55 60 675
55 61 371
55 62 389
55 63 592
55 64 303
55 65 145
55 66 906
55 67 290
55 68 992
55 69 611
55 70 801
55 71 800
55 72 671
55 73 665
55 74 998
55 75 552
55 76 279
55 77 92
55 78 69
55 79 613
55 80 631
55 81 221
55 82 873
55 83 303
55 84 496
55 85 83
55 86 713
55 87 852
55 88 91
55 89 764
55 90 435
55 91 8
55 92 184
55 93 797
55 94 240
55 95 161
55 96 204
55 97 28
55 98 524
55 99 597
55 100 224
56 57 879
56 58 285
56 59 811
56 60 847
56 61 70
56 62 562
56 63 823
56 64 465
56 65 25
56 66 167
56 67 421
56 68 748
56 69 510
56 70 240
56 71 589
56 72 11
56 73 500
56 74 60
56 75 443
56 76 524
56 77 681
56 78 212
56 79 512
56 80 502
56 81 660
56 82 30
56 83 174
56 84 202
56 85 719
56 86 190
56 87 571
56 88 666
56 89 95
56 90 504
56 91 262
56 92 186
56 93 479
56 94 813
56 95 756
56 96 980
56 97 259
56 98 978
56 99 329
56 100 583
57 58 261
57 59 568
57 60 480
57 61 188
57 62 586
57 63 481
57 64 169
57 65 33
57 66 577
57 67 879
57 68 135
57 69 581
57 70 607
57 71 43
57 72 334
57 73 496
57 74 770
57 75 227
57 76 443
57 77 72
57 78 22
57 79 270
57 80 517
57 81 655
57 82 218
57 83 685
57 84 225
57 85 867
57 86 236
57 87 112
57 88 987
57 89 6
57 90 202
57 91 145
57 92 928
57 93 97
57 94 15
57 95 999
57 96 6
57 97 391
57 98 713
57 99 200
57 100 965
58 59 303
58 60 425
58 61 446
58 62 948
58 63 344
58 64 916
58 65 479
58 66 873
58 67 323
58 68 588
58 69 874
58 70 551
58 71 600
58 72 493
58 73 245
58 74 26
58 75 295
58 76 137
58 77 251
58 78 606
58 79 952
58 80 332
58 81 689
58 82 198
58 83 98
58 84 160
58 85 18
58 86 427
58 87 563
58 88 182
58 89 321
58 90 878
58 91 948
58 92 244
58 93 349
58 94 925
58 95 201
58 96 695
58 97 935
58 98 866
58 99 685
58 100 121
59 60 343
59 61 464
59 62 376
59 63 340
59 64 297
59 65 858
59 66 364
59 67 945
59 68 807
59 69 824
59 70 872
59 71 575
59 72 523
59 73 179
59 74 837
59 75 357
59 76 334
59 77 694
59 78 214
59 79 236
59 80 533
59 81 50
59 82 16
59 83 959
59 84 390
59 85 152
59 86 766
59 87 675
59 88 457
59 89 328
59 90 31
59 91 586
59 92 247
59 93 866
59 94 900
59 95 335
59 96 416
59 97 506
59 98 726
59 99 671
59 100 120
60 61 956
60 62 749
60 63 973
60 64 239
60 65 460
60 66 119
60 67 730
60 68 121
60 69 84
60 70 116
60 71 672
60 72 403
60 73 638
60 74 875
60 75 194
60 76 417
60 77 348
60 78 415
60 79 887
60 80 510
60 81 636
60 82 705
60 83 191
60 84 523
60 85 524
60 86 128
60 87 68
60 88 429
60 89 942
60 90 845
60 91 279
60 92 759
60 93 932
60 94 433
60 95 572
60 96 302
60 97 615
60 98 878
60 99 998
60 100 580
61 62 849
61 63 376
61 64 338
61 65 561
61 66 455
61 67 294
61 68 325
61 69 504
61 70 182
61 71 252
61 72 852
61 73 926
61 74 566
61 75 98
61 76 91
61 77 714
61 78 648
61 79 400
61 80 362
61 81 206
61 82 527
61 83 519
61 84 999
61 85 522
61 86 850
61 87 140
61 88 579
61 89 422
61 90 576
61 91 311
61 92 891
61 93 632
61 94 374
61 95 554
61 96 76
61 97 589
61 98 236
61 99 979
61 100 591
62 63 142
62 64 146
62 65 693
62 66 613
62 67 211
62 68 655
62 69 399
62 70 717
62 71 398
62 72 473
62 73 757
62 74 384
62 75 511
62 76 727
62 77 121
62 78 124
62 79 801
62 80 356
62 81 654
62 82 769
62 83 800
62 84 830
62 85 821
62 86 668
62 87 62
62 88 308
62 89 126
62 90 577
62 91 394
62 92 651
62 93 784
62 94 757
62 95 191
62 96 415
62 97 292
62 98 568
62 99 28
62 100 474
63 64 10
63 65 234
63 66 257
63 67 665
63 68 279
63 69 384
63 70 683
63 71 639
63 72 937
63 73 272
63 74 673
63 75 603
63 76 944
63 77 822
63 78 979
63 79 445
63 80 83
63 81 907
63 82 728
63 83 496
63 84 375
63 85 891
63 86 633
63 87 815
63 88 915
63 89 481
63 90 438
63 91 178
63 92 673
63 93 468
63 94 63
63 95 940
63 96 775
63 97 618
63 98 32
63 99 41
63 100 427
64 65 37
64 66 831
64 67 844
64 68 908
64 69 984
64 70 944
64 71 508
64 72 79
64 73 733
64 74 513
64 75 182
64 76 194
64 77 377
64 78 154
64 79 91
64 80 131
64 81 229
64 82 69
64 83 285
64 84 830
64 85 539
64 86 583
64 87 702
64 88 55
64 89 107
64 90 692
64 91 297
64 92 749
64 93 489
64 94 265
64 95 367
64 96 396
64 97 810
64 98 378
64 99 321
64 100 407
65 66 357
65 67 875
65 68 589
65 69 140
65 70 730
65 71 495
65 72 644
65 73 275
65 74 935
65 75 329
65 76 438
65 77 198
65 78 216
65 79 476
65 80 296
65 81 714
65 82 214
65 83 688
65 84 123
65 85 392
65 86 141
65 87 89
65 88 621
65 89 9
65 90 862
65 91 586
65 92 556
65 93 950
65 94 89
65 95 225
65 96 379
65 97 206
65 98 440
65 99 762
65 100 200
66 67 239
66 68 920
66 69 186
66 70 214
66 71 372
66 72 249
66 73 374
66 74 323
66 75 536
66 76 81
66 77 473
66 78 351
66 79 692
66 80 551
66 81 482
66 82 614
66 83 822
66 84 186
66 85 343
66 86 533
66 87 562
66 88 658
66 89 747
66 90 494
66 91 425
66 92 625
66 93 94
66 94 301
66 95 855
66 96 890
66 97 36
66 98 847
66 99 587
66 100 846
67 68 51
67 69 833
67 70 966
67 71 370
67 72 229
67 73 923
67 74 939
67 75 113
67 76 616
67 77 777
67 78 979
67 79 491
67 80 733
67 81 684
67 82 476
67 83 890
67 84 546
67 85 78
67 86 893
67 87 162
67 88 436
67 89 428
67 90 242
67 91 716
67 92 207
67 93 690
67 94 115
67 95 879
67 96 538
67 97 578
67 98 121
67 99 650
67 100 989
68 69 83
68 70 688
68 71 263
68 72 553
68 73 497
68 74 325
68 75 616
68 76 36
68 77 671
68 78 453
68 79 881
68 80 623
68 81 530
68 82 273
68 83 926
68 84 656
68 85 632
68 86 88
68 87 369
68 88 904
68 89 747
68 90 207
68 91 306
68 92 974
68 93 342
68 94 116
68 95 206
68 96 378
68 97 128
68 98 887
68 99 669
68 100 229
69 70 183
69 71 58
69 72 802
69 73 991
69 74 224
69 75 929
69 76 856
69 77 329
69 78 476
69 79 661
69 80 855
69 81 529
69 82 88
69 83 554
69 84 969
69 85 632
69 86 882
69 87 244
69 88 602
69 89 503
69 90 796
69 91 433
69 92 526
69 93 852
69 94 211
69 95 221
69 96 566
69 97 682
69 98 458
69 99 836
69 100 79
70 71 374
70 72 13
70 73 374
70 74 743
70 75 431
70 76 898
70 77 334
70 78 603
70 79 865
70 80 108
70 81 820
70 82 986
70 83 68
70 84 587
70 85 406
70 86 150
70 87 53
70 88 618
70 89 543
70 90 691
70 91 793
70 92 700
70 93 640
70 94 127
70 95 678
70 96 265
70 97 295
70 98 441
70 99 406
70 100 96
71 72 857
71 73 512
71 74 238
71 75 493
71 76 200
71 77 717
71 78 837
71 79 343
71 80 783
71 81 298
71 82 594
71 83 724
71 84 431
71 85 231
71 86 731
71 87 501
71 88 329
71 89 263
71 90 195
71 91 193
71 92 539
71 93 8
71 94 857
71 95 124
71 96 26
71 97 954
71 98 740
71 99 281
71 100 422
72 73 964
72 74 879
72 75 197
72 76 243
72 77 60
72 78 746
72 79 394
72 80 706
72 81 250
72 82 229
72 83 890
72 84 959
72 85 411
72 86 536
72 87 329
72 88 905
72 89 180
72 90 914
72 91 989
72 92 5
72 93 499
72 94 545
72 95 710
72 96 250
72 97 504
72 98 111
72 99 276
72 100 50
73 74 660
73 75 583
73 76 610
73 77 721
73 78 290
73 79 690
73 80 418
73 81 101
73 82 588
73 83 485
73 84 402
73 85 971
73 86 337
73 87 186
73 88 561
73 89 362
73 90 529
73 91 575
73 92 8
73 93 589
73 94 51
73 95 37
73 96 363
73 97 968
73 98 719
73 99 940
73 100 261
74 75 966
74 76 156
74 77 773
74 78 676
74 79 274
74 80 112
74 81 438
74 82 537
74 83 453
74 84 875
74 85 507
74 86 290
74 87 254
74 88 927
74 89 462
74 90 388
74 91 12
74 92 655
74 93 759
74 94 887
74 95 765
74 96 883
74 97 678
74 98 400
74 99 644
74 100 91
75 76 812
75 77 864
75 78 63
75 79 644
75 80 114
75 81 627
75 82 770
75 83 491
75 84 251
75 85 369
75 86 233
75 87 964
75 88 546
75 89 540
75 90 871
75 91 397
75 92 880
75 93 915
75 94 846
75 95 570
75 96 479
75 97 158
75 98 820
75 99 16
75 100 526
76 77 626
76 78 739
76 79 549
76 80 603
76 81 203
76 82 234
76 83 520
76 84 456
76 85 508
76 86 526
76 87 141
76 88 890
76 89 156
76 90 152
76 91 201
76 92 652
76 93 894
76 94 490
76 95 392
76 96 48
76 97 453
76 98 467
76 99 815
76 100 108
77 78 554
77 79 541
77 80 678
77 81 881
77 82 612
77 83 231
77 84 794
77 85 82
77 86 672
77 87 135
77 88 463
77 89 500
77 90 889
77 91 699
77 92 816
77 93 663
77 94 410
77 95 586
77 96 721
77 97 64
77 98 125
77 99 415
77 100 608
78 79 852
78 80 107
78 81 86
78 82 286
78 83 287
78 84 833
78 85 524
78 86 999
78 87 112
78 88 727
78 89 787
78 90 8
78 91 181
78 92 691
78 93 550
78 94 464
78 95 40
78 96 257
78 97 387
78 98 42
78 99 92
78 100 827
79 80 233
79 81 9
79 82 403
79 83 293
79 84 87
79 85 645
79 86 436
79 87 687
79 88 792
79 89 612
79 90 606
79 91 768
79 92 443
79 93 830
79 94 865
79 95 407
79 96 967
79 97 909
79 98 703
79 99 926
79 100 5
80 81 298
80 82 960
80 83 108
80 84 49
80 85 318
80 86 726
80 87 849
80 88 355
80 89 414
80 90 261
80 91 234
80 92 245
80 93 792
80 94 701
80 95 715
80 96 973
80 97 667
80 98 800
80 99 184
80 100 995
81 82 111
81 83 683
81 84 270
81 85 353
81 86 606
81 87 105
81 88 355
81 89 62
81 90 293
81 91 926
81 92 698
81 93 923
81 94 117
81 95 289
81 96 647
81 97 979
81 98 553
81 99 614
81 100 88
82 83 866
82 84 708
82 85 453
82 86 592
82 87 211
82 88 267
82 89 916
82 90 241
82 91 955
82 92 78
82 93 361
82 94 68
82 95 360
82 96 917
82 97 739
82 98 621
82 99 756
82 100 543
83 84 847
83 85 317
83 86 174
83 87 634
83 88 776
83 89 899
83 90 263
83 91 923
83 92 965
83 93 554
83 94 1
83 95 202
83 96 345
83 97 224
83 98 543
83 99 397
83 100 406
84 85 903
84 86 792
84 87 969
84 88 709
84 89 267
84 90 261
84 91 427
84 92 624
84 93 27
84 94 565
84 95 606
84 96 521
84 97 875
84 98 799
84 99 967
84 100 434
85 86 634
85 87 966
85 88 425
85 89 731
85 90 469
85 91 22
85 92 635
85 93 345
85 94 656
85 95 686
85 96 524
85 97 282
85 98 593
85 99 890
85 100 273
86 87 39
86 88 657
86 89 588
86 90 223
86 91 939
86 92 260
86 93 79
86 94 905
86 95 204
86 96 893
86 97 572
86 98 417
86 99 146
86 100 504
87 88 910
87 89 311
87 90 501
87 91 280
87 92 351
87 93 238
87 94 844
87 95 718
87 96 779
87 97 877
87 98 775
87 99 634
87 100 723
88 89 249
88 90 856
88 91 46
88 92 123
88 93 465
88 94 64
88 95 375
88 96 928
88 97 941
88 98 759
88 99 981
88 100 938
89 90 284
89 91 384
89 92 28
89 93 715
89 94 531
89 95 728
89 96 924
89 97 252
89 98 584
89 99 888
89 100 61
90 91 46
90 92 333
90 93 765
90 94 680
90 95 381
90 96 217
90 97 216
90 98 596
90 99 719
90 100 404
91 92 370
91 93 70
91 94 967
91 95 887
91 96 228
91 97 391
91 98 848
91 99 591
91 100 997
92 93 531
92 94 136
92 95 970
92 96 155
92 97 44
92 98 794
92 99 234
92 100 601
93 94 750
93 95 514
93 96 544
93 97 320
93 98 372
93 99 169
93 100 685
94 95 812
94 96 645
94 97 104
94 98 61
94 99 314
94 100 220
95 96 179
95 97 7
95 98 36
95 99 345
95 100 300
96 97 747
96 98 892
96 99 377
96 100 832
97 98 596
97 99 648
97 100 894
98 99 612
98 100 295
99 100 294
