100 4950
1 2 982
1 3 700
1 4 525
1 5 174
1 6 924
1 7 591
1 8 455
1 9 515
1 10 518
1 11 346
1 12 301
1 13 890
1 14 700
1 15 940
1 16 659
1 17 929
1 18 978
1 19 297
1 20 475
1 21 675
1 22 696
1 23 113
1 24 813
1 25 776
1 26 931
1 27 75
1 28 230
1 29 233
1 30 126
1 31 927
1 32 641
1 33 100
1 34 133
1 35 815
1 36 536
1 37 452
1 38 998
1 39 292
1 40 367
1 41 566
1 42 664
1 43 431
1 44 349
1 45 132
1 46 344
1 47 2
1 48 291
1 49 748
1 50 594
1 51 118
1 52 951
1 53 9
1 54 430
1 55 871
1 56 504
1 57 697
1 58 492
1 59 938
1 60 673
1 61 544
1 62 511
1 63 558
1 64 27
1 65 433
1 66 919
1 67 633
1 68 821
1 69 813
1 70 248
1 71 236
1 72 75
1 73 282
1 74 158
1 75 949
1 76 912
1 77 108
1 78 694
1 79 407
1 80 383
1 81 93
1 82 801
1 83 44
1 84 676
1 85 797
1 86 211
1 87 681
1 88 44
1 89 422
1 90 44
1 91 978
1 92 982
1 93 188
1 94 372
1 95 881
1 96 673
1 97 351
1 98 34
1 99 526
1 100 609
2 3 475
2 4 280
2 5 896
2 6 439
2 7 759
2 8 774
2 9 792
2 10 582
2 11 116
2 12 777
2 13 919
2 14 811
2 15 294
2 16 903
2 17 456
2 18 497
2 19 870
2 20 158
2 21 325
2 22 108
2 23 187
2 24 599
2 25 279
2 26 640
2 27 612
2 28 711
2 29 257
2 30 188
2 31 706
2 32 549
2 33 213
2 34 246
2 35 932
2 36 261
2 37 281
2 38 766
2 39 901
2 40 129
2 41 733
2 42 774
2 43 826
2 44 55
2 45 431
2 46 46
2 47 426
2 48 737
2 49 401
2 50 326
2 51 64
2 52 944
2 53 835
2 54 73
2 55 59
2 56 829
2 57 465
2 58 962
2 59 213
2 60 547
2 61 253
2 62 750
2 63 640
2 64 496
2 65 863
2 66 876
2 67 1
2 68 371
2 69 981
2 70 541
2 71 543
2 72 381
2 73 843
2 74 705
2 75 391
2 76 305
2 77 25
2 78 725
2 79 845
2 80 217
2 81 800
2 82 731
2 83 360
2 84 229
2 85 50
2 86 362
2 87 917
2 88 315
2 89 378
2 90 873
2 91 847
2 92 38
2 93 714
2 94 662
2 95 304
2 96 636
2 97 846
2 98 142
2 99 647
2 100 62
3 4 126
3 5 827
3 6 870
3 7 207
3 8 717
3 9 728
3 10 224
3 11 556
3 12 404
3 13 589
3 14 402
3 15 280
3 16 222
3 17 536
3 18 662
3 19 237
3 20 951
3 21 612
3 22 24
3 23 771
3 24 154
3 25 805
3 26 993
3 27 162
3 28 735
3 29 372
3 30 675
3 31 539
3 32 951
3 33 566
3 34 411
3 35 431
3 36 758
3 37 73
3 38 323
3 39 25
3 40 228
3 41 521
3 42 219
3 43 929
3 44 814
3 45 655
3 46 719
3 47 818
3 48 975
3 49 755
3 50 772
3 51 238
3 52 530
3 53 509
3 54 649
3 55 141
3 56 844
3 57 243
3 58 198
3 59 607
3 60 233
3 61 954
3 62 321
3 63 657
3 64 709
3 65 130
3 66 110
3 67 376
3 68 996
3 69 17
3 70 408
3 71 129
3 72 736
3 73 203
3 74 835
3 75 62
3 76 866
3 77 796
3 78 422
3 79 839
3 80 422
3 81 716
3 82 713
3 83 511
3 84 602
3 85 186
3 86 902
3 87 839
3 88 426
3 89 565
3 90 565
3 91 525
3 92 786
3 93 475
3 94 790
3 95 673
3 96 844
3 97 449
3 98 195
3 99 268
3 100 303
4 5 887
4 6 780
4 7 383
4 8 588
4 9 495
4 10 287
4 11 782
4 12 220
4 13 402
4 14 857
4 15 70
4 16 630
4 17 632
4 18 892
4 19 285
4 20 882
4 21 154
4 22 922
4 23 963
4 24 780
4 25 234
4 26 626
4 27 632
4 28 224
4 29 695
4 30 896
4 31 662
4 32 186
4 33 288
4 34 639
4 35 696
4 36 558
4 37 610
4 38 734
4 39 344
4 40 152
4 41 720
4 42 548
4 43 739
4 44 994
4 45 321
4 46 542
4 47 528
4 48 697
4 49 881
4 50 783
4 51 850
4 52 480
4 53 859
4 54 80
4 55 341
4 56 982
4 57 124
4 58 479
4 59 421
4 60 206
4 61 470
4 62 233
4 63 822
4 64 530
4 65 961
4 66 148
4 67 546
4 68 836
4 69 12
4 70 246
4 71 485
4 72 961
4 73 476
4 74 519
4 75 184
4 76 597
4 77 277
4 78 339
4 79 354
4 80 975
4 81 341
4 82 819
4 83 576
4 84 522
4 85 53
4 86 387
4 87 151
4 88 660
4 89 87
4 90 544
4 91 477
4 92 664
4 93 885
4 94 165
4 95 881
4 96 386
4 97 60
4 98 737
4 99 437
4 100 821
5 6 645
5 7 179
5 8 404
5 9 911
5 10 196
5 11 765
5 12 671
5 13 289
5 14 740
5 15 269
5 16 75
5 17 642
5 18 419
5 19 527
5 20 780
5 21 676
5 22 730
5 23 163
5 24 301
5 25 218
5 26 196
5 27 187
5 28 253
5 29 329
5 30 459
5 31 645
5 32 772
5 33 378
5 34 393
5 35 676
5 36 655
5 37 379
5 38 492
5 39 761
5 40 134
5 41 833
5 42 219
5 43 653
5 44 303
5 45 287
5 46 23
5 47 843
5 48 467
5 49 658
5 50 105
5 51 423
5 52 795
5 53 514
5 54 453
5 55 45
5 56 301
5 57 208
5 58 376
5 59 166
5 60 681
5 61 101
5 62 772
5 63 899
5 64 818
5 65 945
5 66 895
5 67 820
5 68 973
5 69 231
5 70 954
5 71 918
5 72 876
5 73 335
5 74 972
5 75 744
5 76 526
5 77 62
5 78 86
5 79 246
5 80 637
5 81 282
5 82 961
5 83 407
5 84 590
5 85 744
5 86 628
5 87 421
5 88 893
5 89 243
5 90 844
5 91 787
5 92 24
5 93 175
5 94 772
5 95 271
5 96 783
5 97 86
5 98 73
5 99 618
5 100 855
6 7 690
6 8 916
6 9 418
6 10 503
6 11 14
6 12 254
6 13 9
6 14 216
6 15 71
6 16 797
6 17 887
6 18 391
6 19 530
6 20 205
6 21 815
6 22 61
6 23 570
6 24 436
6 25 552
6 26 397
6 27 250
6 28 570
6 29 778
6 30 999
6 31 273
6 32 459
6 33 146
6 34 375
6 35 658
6 36 356
6 37 75
6 38 757
6 39 562
6 40 8
6 41 442
6 42 551
6 43 440
6 44 198
6 45 284
6 46 777
6 47 67
6 48 88
6 49 907
6 50 888
6 51 601
6 52 433
6 53 915
6 54 445
6 55 983
6 56 760
6 57 553
6 58 168
6 59 750
6 60 583
6 61 33
6 62 479
6 63 786
6 64 95
6 65 98
6 66 707
6 67 552
6 68 623
6 69 210
6 70 484
6 71 628
6 72 329
6 73 43
6 74 14
6 75 884
6 76 304
6 77 176
6 78 75
6 79 700
6 80 203
6 81 140
6 82 856
6 83 755
6 84 741
6 85 737
6 86 122
6 87 13
6 88 707
6 89 886
6 90 696
6 91 219
6 92 657
6 93 664
6 94 161
6 95 502
6 96 997
6 97 724
6 98 502
6 99 767
6 100 236
7 8 846
7 9 885
7 10 561
7 11 391
7 12 304
7 13 975
7 14 604
7 15 81
7 16 23
7 17 965
7 18 478
7 19 986
7 20 474
7 21 302
7 22 246
7 23 523
7 24 626
7 25 587
7 26 620
7 27 552
7 28 756
7 29 244
7 30 361
7 31 101
7 32 992
7 33 686
7 34 116
7 35 163
7 36 539
7 37 966
7 38 809
7 39 538
7 40 215
7 41 218
7 42 984
7 43 341
7 44 72
7 45 492
7 46 828
7 47 562
7 48 626
7 49 352
7 50 324
7 51 684
7 52 248
7 53 283
7 54 292
7 55 481
7 56 645
7 57 283
7 58 799
7 59 692
7 60 527
7 61 322
7 62 754
7 63 942
7 64 591
7 65 374
7 66 357
7 67 992
7 68 680
7 69 753
7 70 494
7 71 828
7 72 712
7 73 482
7 74 63
7 75 908
7 76 379
7 77 88
7 78 604
7 79 210
7 80 358
7 81 493
7 82 220
7 83 210
7 84 145
7 85 384
7 86 495
7 87 612
7 88 880
7 89 763
7 90 308
7 91 348
7 92 450
7 93 597
7 94 730
7 95 911
7 96 742
7 97 397
7 98 744
7 99 671
7 100 415
8 9 504
8 10 945
8 11 891
8 12 682
8 13 338
8 14 829
8 15 584
8 16 252
8 17 374
8 18 451
8 19 568
8 20 656
8 21 852
8 22 598
8 23 664
8 24 211
8 25 4
8 26 947
8 27 820
8 28 323
8 29 425
8 30 396
8 31 494
8 32 566
8 33 674
8 34 161
8 35 991
8 36 745
8 37 454
8 38 52
8 39 18
8 40 452
8 41 83
8 42 829
8 43 684
8 44 45
8 45 557
8 46 868
8 47 366
8 48 190
8 49 537
8 50 51
8 51 924
8 52 83
8 53 129
8 54 484
8 55 562
8 56 377
8 57 416
8 58 708
8 59 348
8 60 459
8 61 779
8 62 891
8 63 760
8 64 934
8 65 730
8 66 269
8 67 34
8 68 644
8 69 656
8 70 269
8 71 41
8 72 793
8 73 442
8 74 580
8 75 47
8 76 868
8 77 42
8 78 951
8 79 441
8 80 881
8 81 312
8 82 125
8 83 517
8 84 665
8 85 7
8 86 527
8 87 802
8 88 736
8 89 241
8 90 926
8 91 400
8 92 941
8 93 853
8 94 876
8 95 410
8 96 706
8 97 250
8 98 737
8 99 19
8 100 49
9 10 788
9 11 758
9 12 324
9 13 685
9 14 781
9 15 547
9 16 596
9 17 299
9 18 429
9 19 73
9 20 953
9 21 105
9 22 92
9 23 712
9 24 262
9 25 435
9 26 439
9 27 442
9 28 372
9 29 430
9 30 547
9 31 185
9 32 457
9 33 355
9 34 414
9 35 510
9 36 62
9 37 184
9 38 220
9 39 335
9 40 514
9 41 383
9 42 432
9 43 741
9 44 965
9 45 603
9 46 667
9 47 679
9 48 265
9 49 147
9 50 336
9 51 603
9 52 133
9 53 438
9 54 525
9 55 747
9 56 441
9 57 48
9 58 535
9 59 827
9 60 490
9 61 177
9 62 400
9 63 840
9 64 802
9 65 691
9 66 609
9 67 630
9 68 913
9 69 217
9 70 69
9 71 718
9 72 679
9 73 563
9 74 861
9 75 149
9 76 985
9 77 271
9 78 355
9 79 24
9 80 365
9 81 290
9 82 248
9 83 629
9 84 821
9 85 122
9 86 956
9 87 898
9 88 740
9 89 884
9 90 166
9 91 493
9 92 273
9 93 605
9 94 983
9 95 975
9 96 514
9 97 414
9 98 155
9 99 138
9 100 929
10 11 208
10 12 158
10 13 366
10 14 66
10 15 993
10 16 231
10 17 217
10 18 329
10 19 29
10 20 853
10 21 696
10 22 216
10 23 890
10 24 70
10 25 770
10 26 265
10 27 829
10 28 520
10 29 671
10 30 769
10 31 120
10 32 55
10 33 883
10 34 628
10 35 718
10 36 608
10 37 195
10 38 947
10 39 56
10 40 597
10 41 653
10 42 176
10 43 210
10 44 670
10 45 845
10 46 348
10 47 554
10 48 930
10 49 428
10 50 944
10 51 218
10 52 115
10 53 899
10 54 666
10 55 39
10 56 820
10 57 920
10 58 989
10 59 554
10 60 8
10 61 475
10 62 63
10 63 792
10 64 622
10 65 417
10 66 327
10 67 186
10 68 476
10 69 370
10 70 683
10 71 281
10 72 677
10 73 388
10 74 100
10 75 488
10 76 637
10 77 275
10 78 924
10 79 991
10 80 774
10 81 574
10 82 880
10 83 14
10 84 486
10 85 597
10 86 402
10 87 194
10 88 337
10 89 779
10 90 510
10 91 427
10 92 448
10 93 962
10 94 293
10 95 760
10 96 555
10 97 729
10 98 147
10 99 678
10 100 634
11 12 256
11 13 578
11 14 361
11 15 164
11 16 753
11 17 332
11 18 958
11 19 382
11 20 221
11 21 60
11 22 920
11 23 391
11 24 88
11 25 571
11 26 196
11 27 342
11 28 835
11 29 957
11 30 543
11 31 741
11 32 515
11 33 952
11 34 45
11 35 671
11 36 481
11 37 544
11 38 364
11 39 635
11 40 396
11 41 435
11 42 57
11 43 429
11 44 142
11 45 508
11 46 594
11 47 756
11 48 735
11 49 166
11 50 351
11 51 613
11 52 393
11 53 716
11 54 974
11 55 142
11 56 753
11 57 259
11 58 363
11 59 13
11 60 615
11 61 167
11 62 603
11 63 870
11 64 17
11 65 786
11 66 20
11 67 702
11 68 446
11 69 474
11 70 418
11 71 657
11 72 127
11 73 860
11 74 606
11 75 732
11 76 534
11 77 943
11 78 417
11 79 746
11 80 417
11 81 696
11 82 688
11 83 113
11 84 348
11 85 848
11 86 881
11 87 132
11 88 346
11 89 644
11 90 680
11 91 458
11 92 377
11 93 390
11 94 964
11 95 531
11 96 669
11 97 892
11 98 90
11 99 328
11 100 658
12 13 775
12 14 106
12 15 943
12 16 478
12 17 622
12 18 236
12 19 202
12 20 199
12 21 871
12 22 884
12 23 660
12 24 772
12 25 60
12 26 214
12 27 960
12 28 715
12 29 477
12 30 254
12 31 130
12 32 334
12 33 138
12 34 76
12 35 529
12 36 78
12 37 586
12 38 416
12 39 495
12 40 473
12 41 917
12 42 25
12 43 670
12 44 652
12 45 195
12 46 523
12 47 605
12 48 120
12 49 510
12 50 165
12 51 386
12 52 837
12 53 158
12 54 165
12 55 641
12 56 178
12 57 899
12 58 394
12 59 986
12 60 809
12 61 762
12 62 934
12 63 54
12 64 933
12 65 382
12 66 319
12 67 640
12 68 382
12 69 753
12 70 24
12 71 28
12 72 362
12 73 319
12 74 375
12 75 274
12 76 844
12 77 308
12 78 936
12 79 453
12 80 355
12 81 332
12 82 719
12 83 727
12 84 449
12 85 921
12 86 403
12 87 587
12 88 27
12 89 499
12 90 808
12 91 146
12 92 99
12 93 6
12 94 53
12 95 305
12 96 645
12 97 538
12 98 391
12 99 771
12 100 748
13 14 856
13 15 668
13 16 75
13 17 1
13 18 309
13 19 253
13 20 230
13 21 105
13 22 429
13 23 608
13 24 728
13 25 425
13 26 179
13 27 71
13 28 437
13 29 965
13 30 26
13 31 314
13 32 801
13 33 924
13 34 809
13 35 406
13 36 813
13 37 933
13 38 63
13 39 81
13 40 903
13 41 474
13 42 482
13 43 378
13 44 468
13 45 467
13 46 26
13 47 468
13 48 266
13 49 408
13 50 804
13 51 961
13 52 171
13 53 337
13 54 208
13 55 533
13 56 532
13 57 272
13 58 350
13 59 19
13 60 748
13 61 549
13 62 550
13 63 416
13 64 676
13 65 297
13 66 40
13 67 852
13 68 484
13 69 94
13 70 79
13 71 776
13 72 265
13 73 915
13 74 703
13 75 888
13 76 48
13 77 921
13 78 895
13 79 539
13 80 365
13 81 525
13 82 342
13 83 39
13 84 770
13 85 893
13 86 423
13 87 180
13 88 751
13 89 208
13 90 745
13 91 850
13 92 38
13 93 224
13 94 516
13 95 42
13 96 209
13 97 181
13 98 901
13 99 228
13 100 240
14 15 25
14 16 674
14 17 108
14 18 933
14 19 408
14 20 888
14 21 405
14 22 725
14 23 229
14 24 370
14 25 35
14 26 945
14 27 192
14 28 526
14 29 435
14 30 851
14 31 401
14 32 814
14 33 494
14 34 154
14 35 139
14 36 804
14 37 949
14 38 748
14 39 928
14 40 62
14 41 421
14 42 976
14 43 722
14 44 959
14 45 899
14 46 980
14 47 327
14 48 558
14 49 807
14 50 263
14 51 179
14 52 462
14 53 741
14 54 680
14 55 370
14 56 91
14 57 299
14 58 353
14 59 120
14 60 324
14 61 414
14 62 762
14 63 972
14 64 9
14 65 721
14 66 133
14 67 514
14 68 435
14 69 330
14 70 814
14 71 598
14 72 541
14 73 330
14 74 16
14 75 633
14 76 31
14 77 574
14 78 254
14 79 841
14 80 231
14 81 504
14 82 995
14 83 413
14 84 791
14 85 180
14 86 417
14 87 553
14 88 341
14 89 610
14 90 247
14 91 452
14 92 439
14 93 445
14 94 515
14 95 80
14 96 967
14 97 712
14 98 936
14 99 517
14 100 504
15 16 353
15 17 61
15 18 750
15 19 371
15 20 181
15 21 680
15 22 353
15 23 440
15 24 44
15 25 94
15 26 523
15 27 705
15 28 98
15 29 878
15 30 933
15 31 135
15 32 931
15 33 360
15 34 974
15 35 103
15 36 760
15 37 756
15 38 675
15 39 480
15 40 123
15 41 291
15 42 575
15 43 785
15 44 202
15 45 917
15 46 795
15 47 530
15 48 981
15 49 564
15 50 934
15 51 171
15 52 423
15 53 523
15 54 722
15 55 831
15 56 968
15 57 79
15 58 231
15 59 452
15 60 416
15 61 940
15 62 726
15 63 81
15 64 638
15 65 79
15 66 107
15 67 555
15 68 548
15 69 612
15 70 799
15 71 568
15 72 236
15 73 58
15 74 406
15 75 242
15 76 552
15 77 580
15 78 828
15 79 787
15 80 672
15 81 204
15 82 839
15 83 101
15 84 660
15 85 843
15 86 201
15 87 206
15 88 94
15 89 785
15 90 451
15 91 623
15 92 93
15 93 607
15 94 435
15 95 874
15 96 906
15 97 976
15 98 712
15 99 392
15 100 256
16 17 219
16 18 472
16 19 697
16 20 151
16 21 999
16 22 991
16 23 974
16 24 24
16 25 623
16 26 242
16 27 848
16 28 116
16 29 31
16 30 806
16 31 650
16 32 847
16 33 738
16 34 241
16 35 232
16 36 180
16 37 232
16 38 411
16 39 295
16 40 304
16 41 810
16 42 528
16 43 245
16 44 922
16 45 460
16 46 938
16 47 338
16 48 68
16 49 998
16 50 985
16 51 111
16 52 857
16 53 762
16 54 303
16 55 217
16 56 864
16 57 602
16 58 98
16 59 487
16 60 578
16 61 939
16 62 290
16 63 591
16 64 798
16 65 487
16 66 646
16 67 350
16 68 255
16 69 666
16 70 939
16 71 912
16 72 195
16 73 397
16 74 585
16 75 450
16 76 854
16 77 481
16 78 139
16 79 118
16 80 371
16 81 20
16 82 652
16 83 881
16 84 627
16 85 292
16 86 826
16 87 278
16 88 718
16 89 271
16 90 481
16 91 869
16 92 400
16 93 282
16 94 264
16 95 648
16 96 489
16 97 488
16 98 586
16 99 150
16 100 976
17 18 424
17 19 117
17 20 375
17 21 566
17 22 996
17 23 159
17 24 653
17 25 624
17 26 702
17 27 544
17 28 895
17 29 38
17 30 415
17 31 500
17 32 529
17 33 592
17 34 625
17 35 251
17 36 974
17 37 768
17 38 79
17 39 47
17 40 474
17 41 983
17 42 399
17 43 157
17 44 721
17 45 987
17 46 463
17 47 808
17 48 805
17 49 667
17 50 433
17 51 916
17 52 129
17 53 252
17 54 159
17 55 378
17 56 385
17 57 637
17 58 257
17 59 880
17 60 999
17 61 619
17 62 670
17 63 289
17 64 884
17 65 49
17 66 656
17 67 621
17 68 967
17 69 116
17 70 178
17 71 371
17 72 610
17 73 682
17 74 170
17 75 38
17 76 476
17 77 34
17 78 60
17 79 839
17 80 678
17 81 585
17 82 196
17 83 453
17 84 890
17 85 94
17 86 816
17 87 18
17 88 411
17 89 830
17 90 733
17 91 945
17 92 970
17 93 808
17 94 338
17 95 882
17 96 268
17 97 733
17 98 343
17 99 128
17 100 875
18 19 483
18 20 141
18 21 822
18 22 850
18 23 599
18 24 386
18 25 301
18 26 409
18 27 595
18 28 109
18 29 840
18 30 280
18 31 420
18 32 23
18 33 620
18 34 161
18 35 59
18 36 78
18 37 975
18 38 681
18 39 237
18 40 759
18 41 291
18 42 913
18 43 350
18 44 812
18 45 467
18 46 892
18 47 268
18 48 925
18 49 12
18 50 318
18 51 798
18 52 855
18 53 557
18 54 757
18 55 212
18 56 588
18 57 193
18 58 248
18 59 116
18 60 970
18 61 94
18 62 19
18 63 99
18 64 152
18 65 81
18 66 836
18 67 299
18 68 844
18 69 151
18 70 670
18 71 146
18 72 615
18 73 69
18 74 4
18 75 233
18 76 835
18 77 226
18 78 457
18 79 322
18 80 393
18 81 418
18 82 83
18 83 566
18 84 76
18 85 221
18 86 337
18 87 461
18 88 564
18 89 804
18 90 55
18 91 638
18 92 800
18 93 749
18 94 307
18 95 68
18 96 568
18 97 200
18 98 717
18 99 733
18 100 475
19 20 986
19 21 980
19 22 18
19 23 121
19 24 405
19 25 131
19 26 393
19 27 663
19 28 798
19 29 246
19 30 381
19 31 686
19 32 909
19 33 994
19 34 823
19 35 227
19 36 775
19 37 561
19 38 855
19 39 539
19 40 317
19 41 835
19 42 855
19 43 964
19 44 731
19 45 901
19 46 919
19 47 371
19 48 404
19 49 465
19 50 843
19 51 713
19 52 289
19 53 300
19 54 144
19 55 302
19 56 102
19 57 628
19 58 626
19 59 753
19 60 650
19 61 517
19 62 963
19 63 271
19 64 921
19 65 234
19 66 618
19 67 543
19 68 904
19 69 394
19 70 344
19 71 141
19 72 820
19 73 641
19 74 519
19 75 687
19 76 351
19 77 719
19 78 341
19 79 272
19 80 592
19 81 977
19 82 390
19 83 470
19 84 658
19 85 817
19 86 784
19 87 72
19 88 981
19 89 628
19 90 510
19 91 52
19 92 221
19 93 584
19 94 422
19 95 783
19 96 742
19 97 79
19 98 964
19 99 63
19 100 434
20 21 65
20 22 684
20 23 587
20 24 37
20 25 486
20 26 547
20 27 663
20 28 679
20 29 12
20 30 245
20 31 444
20 32 289
20 33 666
20 34 492
20 35 44
20 36 613
20 37 114
20 38 786
20 39 474
20 40 712
20 41 619
20 42 3
20 43 374
20 44 593
20 45 511
20 46 380
20 47 85
20 48 890
20 49 534
20 50 599
20 51 912
20 52 411
20 53 895
20 54 477
20 55 327
20 56 208
20 57 294
20 58 803
20 59 946
20 60 947
20 61 137
20 62 689
20 63 324
20 64 607
20 65 544
20 66 459
20 67 741
20 68 660
20 69 800
20 70 921
20 71 439
20 72 562
20 73 66
20 74 12
20 75 845
20 76 234
20 77 336
20 78 231
20 79 342
20 80 719
20 81 859
20 82 800
20 83 408
20 84 292
20 85 479
20 86 383
20 87 830
20 88 350
20 89 533
20 90 469
20 91 377
20 92 799
20 93 312
20 94 435
20 95 140
20 96 989
20 97 190
20 98 459
20 99 243
20 100 497
21 22 876
21 23 260
21 24 602
21 25 819
21 26 875
21 27 22
21 28 449
21 29 940
21 30 375
21 31 660
21 32 910
21 33 811
21 34 176
21 35 603
21 36 954
21 37 72
21 38 62
21 39 853
21 40 285
21 41 486
21 42 973
21 43 101
21 44 532
21 45 752
21 46 20
21 47 171
21 48 964
21 49 38
21 50 344
21 51 191
21 52 330
21 53 669
21 54 315
21 55 376
21 56 994
21 57 848
21 58 887
21 59 94
21 60 656
21 61 969
21 62 192
21 63 625
21 64 621
21 65 969
21 66 470
21 67 954
21 68 877
21 69 235
21 70 401
21 71 63
21 72 463
21 73 949
21 74 310
21 75 748
21 76 317
21 77 655
21 78 687
21 79 766
21 80 200
21 81 271
21 82 289
21 83 543
21 84 834
21 85 244
21 86 241
21 87 198
21 88 577
21 89 764
21 90 183
21 91 264
21 92 962
21 93 479
21 94 869
21 95 358
21 96 866
21 97 330
21 98 62
21 99 185
21 100 710
22 23 94
22 24 9
22 25 215
22 26 845
22 27 347
22 28 933
22 29 908
22 30 561
22 31 777
22 32 983
22 33 489
22 34 571
22 35 677
22 36 358
22 37 776
22 38 572
22 39 876
22 40 888
22 41 129
22 42 749
22 43 362
22 44 653
22 45 663
22 46 742
22 47 24
22 48 166
22 49 381
22 50 721
22 51 509
22 52 484
22 53 784
22 54 897
22 55 726
22 56 243
22 57 713
22 58 759
22 59 873
22 60 206
22 61 867
22 62 267
22 63 1
22 64 157
22 65 393
22 66 53
22 67 77
22 68 406
22 69 600
22 70 725
22 71 558
22 72 22
22 73 630
22 74 581
22 75 101
22 76 859
22 77 316
22 78 754
22 79 799
22 80 337
22 81 74
22 82 772
22 83 40
22 84 802
22 85 440
22 86 370
22 87 759
22 88 334
22 89 949
22 90 822
22 91 758
22 92 227
22 93 724
22 94 520
22 95 216
22 96 895
22 97 911
22 98 909
22 99 635
22 100 775
23 24 441
23 25 722
23 26 501
23 27 592
23 28 513
23 29 927
23 30 591
23 31 563
23 32 621
23 33 276
23 34 982
23 35 334
23 36 9
23 37 719
23 38 460
23 39 341
23 40 979
23 41 823
23 42 477
23 43 555
23 44 369
23 45 713
23 46 566
23 47 284
23 48 813
23 49 856
23 50 248
23 51 578
23 52 299
23 53 476
23 54 766
23 55 864
23 56 864
23 57 862
23 58 922
23 59 121
23 60 263
23 61 875
23 62 68
23 63 521
23 64 222
23 65 568
23 66 896
23 67 594
23 68 283
23 69 203
23 70 905
23 71 190
23 72 303
23 73 244
23 74 208
23 75 87
23 76 159
23 77 679
23 78 65
23 79 830
23 80 852
23 81 163
23 82 868
23 83 862
23 84 635
23 85 57
23 86 301
23 87 995
23 88 493
23 89 363
23 90 626
23 91 483
23 92 27
23 93 491
23 94 707
23 95 414
23 96 708
23 97 782
23 98 557
23 99 751
23 100 718
24 25 433
24 26 893
24 27 873
24 28 174
24 29 758
24 30 424
24 31 662
24 32 145
24 33 706
24 34 22
24 35 198
24 36 882
24 37 89
24 38 560
24 39 19
24 40 576
24 41 899
24 42 781
24 43 883
24 44 753
24 45 433
24 46 791
24 47 515
24 48 857
24 49 207
24 50 549
24 51 496
24 52 206
24 53 83
24 54 46
24 55 373
24 56 839
24 57 844
24 58 90
24 59 634
24 60 402
24 61 834
24 62 738
24 63 453
24 64 155
24 65 416
24 66 116
24 67 277
24 68 38
24 69 210
24 70 801
24 71 986
24 72 413
24 73 876
24 74 781
24 75 591
24 76 205
24 77 394
24 78 973
24 79 822
24 80 573
24 81 507
24 82 870
24 83 885
24 84 961
24 85 503
24 86 698
24 87 296
24 88 532
24 89 799
24 90 911
24 91 565
24 92 133
24 93 295
24 94 420
24 95 2
24 96 923
24 97 651
24 98 151
24 99 276
24 100 308
25 26 300
25 27 645
25 28 623
25 29 844
25 30 108
25 31 120
25 32 533
25 33 567
25 34 362
25 35 929
25 36 862
25 37 972
25 38 148
25 39 740
25 40 792
25 41 965
25 42 797
25 43 699
25 44 79
25 45 165
25 46 980
25 47 126
25 48 228
25 49 194
25 50 480
25 51 653
25 52 37
25 53 839
25 54 962
25 55 857
25 56 177
25 57 100
25 58 537
25 59 203
25 60 148
25 61 278
25 62 947
25 63 973
25 64 81
25 65 863
25 66 972
25 67 301
25 68 55
25 69 749
25 70 159
25 71 777
25 72 684
25 73 475
25 74 793
25 75 38
25 76 574
25 77 681
25 78 468
25 79 73
25 80 930
25 81 181
25 82 171
25 83 320
25 84 632
25 85 589
25 86 362
25 87 87
25 88 694
25 89 299
25 90 211
25 91 453
25 92 519
25 93 637
25 94 795
25 95 966
25 96 60
25 97 394
25 98 682
25 99 630
25 100 449
26 27 40
26 28 367
26 29 886
26 30 386
26 31 44
26 32 984
26 33 69
26 34 642
26 35 30
26 36 428
26 37 141
26 38 68
26 39 834
26 40 7
26 41 387
26 42 465
26 43 521
26 44 597
26 45 955
26 46 962
26 47 749
26 48 100
26 49 437
26 50 164
26 51 217
26 52 305
26 53 35
26 54 119
26 55 990
26 56 633
26 57 553
26 58 524
26 59 921
26 60 345
26 61 567
26 62 419
26 63 430
26 64 836
26 65 37
26 66 466
26 67 155
26 68 745
26 69 489
26 70 105
26 71 496
26 72 428
26 73 423
26 74 61
26 75 927
26 76 880
26 77 112
26 78 928
26 79 667
26 80 45
26 81 507
26 82 281
26 83 408
26 84 746
26 85 116
26 86 714
26 87 568
26 88 689
26 89 473
26 90 606
26 91 856
26 92 783
26 93 50
26 94 165
26 95 598
26 96 195
26 97 399
26 98 862
26 99 685
26 100 676
27 28 405
27 29 473
27 30 310
27 31 151
27 32 628
27 33 884
27 34 649
27 35 962
27 36 329
27 37 833
27 38 617
27 39 683
27 40 685
27 41 973
27 42 324
27 43 633
27 44 668
27 45 908
27 46 106
27 47 292
27 48 164
27 49 828
27 50 377
27 51 715
27 52 462
27 53 800
27 54 953
27 55 495
27 56 162
27 57 430
27 58 518
27 59 239
27 60 981
27 61 235
27 62 873
27 63 360
27 64 635
27 65 145
27 66 178
27 67 291
27 68 635
27 69 254
27 70 288
27 71 341
27 72 794
27 73 429
27 74 655
27 75 135
27 76 555
27 77 989
27 78 892
27 79 403
27 80 504
27 81 98
27 82 999
27 83 373
27 84 566
27 85 126
27 86 369
27 87 727
27 88 441
27 89 3
27 90 297
27 91 282
27 92 362
27 93 758
27 94 217
27 95 145
27 96 707
27 97 643
27 98 709
27 99 792
27 100 577
28 29 129
28 30 599
28 31 395
28 32 812
28 33 451
28 34 534
28 35 952
28 36 671
28 37 266
28 38 668
28 39 781
28 40 531
28 41 75
28 42 37
28 43 750
28 44 633
28 45 221
28 46 948
28 47 701
28 48 870
28 49 557
28 50 826
28 51 629
28 52 350
28 53 412
28 54 375
28 55 374
28 56 696
28 57 458
28 58 343
28 59 914
28 60 864
28 61 590
28 62 768
28 63 695
28 64 327
28 65 766
28 66 458
28 67 472
28 68 25
28 69 987
28 70 218
28 71 469
28 72 81
28 73 571
28 74 76
28 75 931
28 76 48
28 77 84
28 78 908
28 79 286
28 80 259
28 81 787
28 82 518
28 83 479
28 84 850
28 85 694
28 86 743
28 87 233
28 88 104
28 89 744
28 90 796
28 91 190
28 92 244
28 93 417
28 94 977
28 95 702
28 96 670
28 97 295
28 98 728
28 99 623
28 100 119
29 30 453
29 31 855
29 32 775
29 33 926
29 34 352
29 35 603
29 36 473
29 37 508
29 38 573
29 39 126
29 40 429
29 41 550
29 42 66
29 43 465
29 44 605
29 45 893
29 46 459
29 47 779
29 48 162
29 49 59
29 50 932
29 51 787
29 52 768
29 53 778
29 54 622
29 55 884
29 56 96
29 57 586
29 58 285
29 59 120
29 60 883
29 61 772
29 62 77
29 63 577
29 64 725
29 65 44
29 66 489
29 67 642
29 68 790
29 69 224
29 70 19
29 71 901
29 72 469
29 73 606
29 74 403
29 75 857
29 76 255
29 77 46
29 78 548
29 79 932
29 80 407
29 81 352
29 82 468
29 83 727
29 84 326
29 85 340
29 86 606
29 87 682
29 88 998
29 89 884
29 90 929
29 91 664
29 92 990
29 93 998
29 94 968
29 95 763
29 96 907
29 97 137
29 98 80
29 99 834
29 100 497
30 31 336
30 32 894
30 33 223
30 34 544
30 35 685
30 36 789
30 37 591
30 38 915
30 39 97
30 40 478
30 41 319
30 42 841
30 43 489
30 44 528
30 45 640
30 46 732
30 47 793
30 48 288
30 49 3
30 50 176
30 51 525
30 52 386
30 53 642
30 54 908
30 55 787
30 56 201
30 57 816
30 58 459
30 59 535
30 60 669
30 61 814
30 62 206
30 63 168
30 64 583
30 65 887
30 66 881
30 67 621
30 68 658
30 69 761
30 70 313
30 71 830
30 72 204
30 73 293
30 74 623
30 75 528
30 76 576
30 77 410
30 78 381
30 79 219
30 80 15
30 81 785
30 82 938
30 83 584
30 84 803
30 85 85
30 86 874
30 87 211
30 88 888
30 89 565
30 90 749
30 91 251
30 92 878
30 93 991
30 94 214
30 95 826
30 96 239
30 97 784
30 98 237
30 99 122
30 100 83
31 32 872
31 33 105
31 34 252
31 35 817
31 36 236
31 37 166
31 38 543
31 39 379
31 40 136
31 41 403
31 42 216
31 43 180
31 44 267
31 45 5
31 46 436
31 47 645
31 48 118
31 49 515
31 50 48
31 51 671
31 52 332
31 53 190
31 54 144
31 55 439
31 56 573
31 57 832
31 58 155
31 59 823
31 60 253
31 61 737
31 62 697
31 63 162
31 64 936
31 65 273
31 66 7
31 67 101
31 68 706
31 69 777
31 70 661
31 71 292
31 72 830
31 73 790
31 74 724
31 75 126
31 76 574
31 77 87
31 78 438
31 79 118
31 80 790
31 81 327
31 82 676
31 83 464
31 84 826
31 85 248
31 86 382
31 87 283
31 88 112
31 89 248
31 90 864
31 91 718
31 92 613
31 93 519
31 94 426
31 95 888
31 96 567
31 97 176
31 98 426
31 99 70
31 100 283
32 33 470
32 34 143
32 35 318
32 36 647
32 37 131
32 38 574
32 39 99
32 40 521
32 41 412
32 42 864
32 43 941
32 44 345
32 45 467
32 46 839
32 47 705
32 48 96
32 49 827
32 50 742
32 51 170
32 52 996
32 53 925
32 54 384
32 55 899
32 56 883
32 57 499
32 58 533
32 59 213
32 60 46
32 61 310
32 62 635
32 63 693
32 64 573
32 65 101
32 66 556
32 67 172
32 68 324
32 69 457
32 70 272
32 71 852
32 72 444
32 73 829
32 74 613
32 75 818
32 76 441
32 77 857
32 78 644
32 79 220
32 80 9
32 81 49
32 82 504
32 83 738
32 84 665
32 85 114
32 86 760
32 87 350
32 88 106
32 89 427
32 90 682
32 91 989
32 92 143
32 93 581
32 94 990
32 95 695
32 96 692
32 97 220
32 98 202
32 99 738
32 100 841
33 34 918
33 35 438
33 36 128
33 37 148
33 38 176
33 39 229
33 40 115
33 41 155
33 42 821
33 43 605
33 44 852
33 45 385
33 46 577
33 47 196
33 48 827
33 49 548
33 50 705
33 51 270
33 52 306
33 53 906
33 54 166
33 55 916
33 56 889
33 57 971
33 58 374
33 59 96
33 60 544
33 61 54
33 62 977
33 63 274
33 64 845
33 65 216
33 66 19
33 67 302
33 68 655
33 69 723
33 70 781
33 71 29
33 72 518
33 73 672
33 74 197
33 75 200
33 76 392
33 77 878
33 78 978
33 79 895
33 80 522
33 81 258
33 82 341
33 83 42
33 84 947
33 85 439
33 86 543
33 87 404
33 88 555
33 89 342
33 90 103
33 91 938
33 92 305
33 93 504
33 94 270
33 95 109
33 96 878
33 97 394
33 98 733
33 99 727
33 100 51
34 35 790
34 36 260
34 37 96
34 38 638
34 39 590
34 40 619
34 41 760
34 42 860
34 43 927
34 44 453
34 45 183
34 46 862
34 47 718
34 48 795
34 49 716
34 50 677
34 51 462
34 52 852
34 53 8
34 54 562
34 55 471
34 56 389
34 57 86
34 58 577
34 59 253
34 60 827
34 61 286
34 62 421
34 63 875
34 64 619
34 65 9
34 66 473
34 67 775
34 68 297
34 69 866
34 70 853
34 71 261
34 72 198
34 73 434
34 74 344
34 75 678
34 76 943
34 77 715
34 78 622
34 79 104
34 80 707
34 81 388
34 82 5
34 83 507
34 84 708
34 85 678
34 86 385
34 87 263
34 88 869
34 89 279
34 90 983
34 91 347
34 92 977
34 93 914
34 94 273
34 95 722
34 96 196
34 97 387
34 98 274
34 99 957
34 100 274
35 36 163
35 37 893
35 38 319
35 39 909
35 40 900
35 41 291
35 42 517
35 43 884
35 44 954
35 45 808
35 46 236
35 47 426
35 48 518
35 49 356
35 50 86
35 51 367
35 52 889
35 53 459
35 54 257
35 55 950
35 56 579
35 57 667
35 58 810
35 59 813
35 60 187
35 61 211
35 62 506
35 63 527
35 64 453
35 65 796
35 66 617
35 67 66
35 68 575
35 69 75
35 70 161
35 71 860
35 72 798
35 73 223
35 74 694
35 75 434
35 76 249
35 77 830
35 78 903
35 79 447
35 80 912
35 81 109
35 82 815
35 83 853
35 84 800
35 85 617
35 86 609
35 87 542
35 88 324
35 89 649
35 90 559
35 91 881
35 92 299
35 93 845
35 94 678
35 95 801
35 96 68
35 97 702
35 98 384
35 99 989
35 100 67
36 37 73
36 38 899
36 39 249
36 40 10
36 41 614
36 42 375
36 43 752
36 44 876
36 45 998
36 46 509
36 47 520
36 48 163
36 49 178
36 50 724
36 51 292
36 52 83
36 53 460
36 54 616
36 55 663
36 56 585
36 57 751
36 58 396
36 59 647
36 60 396
36 61 960
36 62 638
36 63 550
36 64 39
36 65 378
36 66 84
36 67 970
36 68 614
36 69 280
36 70 377
36 71 125
36 72 740
36 73 28
36 74 246
36 75 954
36 76 347
36 77 875
36 78 899
36 79 112
36 80 671
36 81 123
36 82 82
36 83 841
36 84 756
36 85 281
36 86 223
36 87 988
36 88 504
36 89 499
36 90 562
36 91 130
36 92 755
36 93 659
36 94 323
36 95 645
36 96 473
36 97 557
36 98 211
36 99 885
36 100 707
37 38 284
37 39 234
37 40 551
37 41 610
37 42 989
37 43 125
37 44 989
37 45 46
37 46 323
37 47 64
37 48 325
37 49 393
37 50 318
37 51 822
37 52 841
37 53 30
37 54 431
37 55 516
37 56 710
37 57 949
37 58 951
37 59 694
37 60 379
37 61 182
37 62 163
37 63 332
37 64 285
37 65 508
37 66 475
37 67 315
37 68 510
37 69 5
37 70 528
37 71 602
37 72 672
37 73 587
37 74 466
37 75 404
37 76 858
37 77 560
37 78 374
37 79 948
37 80 26
37 81 726
37 82 407
37 83 824
37 84 427
37 85 31
37 86 973
37 87 9
37 88 469
37 89 836
37 90 383
37 91 777
37 92 612
37 93 187
37 94 499
37 95 651
37 96 629
37 97 272
37 98 739
37 99 909
37 100 139
38 39 576
38 40 655
38 41 100
38 42 723
38 43 846
38 44 276
38 45 363
38 46 949
38 47 105
38 48 396
38 49 744
38 50 292
38 51 187
38 52 20
38 53 784
38 54 469
38 55 711
38 56 840
38 57 675
38 58 309
38 59 321
38 60 422
38 61 453
38 62 453
38 63 165
38 64 497
38 65 465
38 66 835
38 67 920
38 68 453
38 69 563
38 70 810
38 71 864
38 72 168
38 73 858
38 74 919
38 75 202
38 76 609
38 77 699
38 78 904
38 79 65
38 80 780
38 81 849
38 82 713
38 83 933
38 84 426
38 85 206
38 86 647
38 87 726
38 88 862
38 89 136
38 90 71
38 91 579
38 92 550
38 93 407
38 94 226
38 95 911
38 96 408
38 97 399
38 98 509
38 99 35
38 100 865
39 40 204
39 41 490
39 42 941
39 43 249
39 44 695
39 45 589
39 46 693
39 47 52
39 48 768
39 49 975
39 50 84
39 51 867
39 52 64
39 53 699
39 54 809
39 55 893
39 56 541
39 57 917
39 58 638
39 59 417
39 60 556
39 61 203
39 62 444
39 63 327
39 64 285
39 65 586
39 66 514
39 67 462
39 68 466
39 69 267
39 70 7
39 71 733
39 72 383
39 73 290
39 74 325
39 75 319
39 76 889
39 77 264
39 78 428
39 79 120
39 80 774
39 81 285
39 82 459
39 83 637
39 84 852
39 85 470
39 86 188
39 87 64
39 88 456
39 89 270
39 90 815
39 91 391
39 92 243
39 93 999
39 94 163
39 95 234
39 96 236
39 97 957
39 98 198
39 99 155
39 100 456
40 41 328
40 42 215
40 43 445
40 44 861
40 45 428
40 46 797
40 47 680
40 48 232
40 49 592
40 50 778
40 51 767
40 52 483
40 53 690
40 54 543
40 55 555
40 56 904
40 57 325
40 58 669
40 59 750
40 60 44
40 61 573
40 62 99
40 63 767
40 64 857
40 65 605
40 66 87
40 67 360
40 68 869
40 69 444
40 70 767
40 71 353
40 72 680
40 73 649
40 74 956
40 75 597
40 76 685
40 77 324
40 78 861
40 79 810
40 80 244
40 81 409
40 82 842
40 83 278
40 84 727
40 85 561
40 86 412
40 87 498
40 88 862
40 89 373
40 90 981
40 91 34
40 92 679
40 93 515
40 94 919
40 95 495
40 96 799
40 97 695
40 98 773
40 99 813
40 100 2
41 42 599
41 43 441
41 44 405
41 45 382
41 46 169
41 47 920
41 48 168
41 49 424
41 50 528
41 51 29
41 52 47
41 53 941
41 54 448
41 55 165
41 56 6
41 57 114
41 58 859
41 59 551
41 60 541
41 61 84
41 62 107
41 63 189
41 64 390
41 65 409
41 66 987
41 67 56
41 68 714
41 69 566
41 70 557
41 71 676
41 72 937
41 73 143
41 74 620
41 75 93
41 76 704
41 77 194
41 78 132
41 79 50
41 80 246
41 81 878
41 82 710
41 83 763
41 84 112
41 85 156
41 86 183
41 87 283
41 88 958
41 89 416
41 90 869
41 91 703
41 92 976
41 93 722
41 94 179
41 95 829
41 96 657
41 97 499
41 98 320
41 99 266
41 100 388
42 43 141
42 44 381
42 45 629
42 46 810
42 47 997
42 48 951
42 49 998
42 50 110
42 51 952
42 52 202
42 53 473
42 54 161
42 55 643
42 56 951
42 57 250
42 58 214
42 59 422
42 60 882
42 61 560
42 62 735
42 63 17
42 64 906
42 65 72
42 66 371
42 67 898
42 68 603
42 69 113
42 70 371
42 71 121
42 72 654
42 73 581
42 74 707
42 75 131
42 76 464
42 77 923
42 78 424
42 79 972
42 80 462
42 81 425
42 82 507
42 83 510
42 84 165
42 85 149
42 86 174
42 87 649
42 88 486
42 89 607
42 90 300
42 91 507
42 92 896
42 93 741
42 94 964
42 95 461
42 96 770
42 97 212
42 98 281
42 99 667
42 100 959
43 44 261
43 45 437
43 46 828
43 47 904
43 48 813
43 49 527
43 50 3
43 51 723
43 52 460
43 53 225
43 54 693
43 55 967
43 56 210
43 57 335
43 58 870
43 59 808
43 60 940
43 61 340
43 62 793
43 63 232
43 64 202
43 65 865
43 66 97
43 67 367
43 68 622
43 69 909
43 70 316
43 71 884
43 72 17
43 73 296
43 74 467
43 75 452
43 76 283
43 77 152
43 78 648
43 79 653
43 80 537
43 81 632
43 82 325
43 83 475
43 84 671
43 85 482
43 86 44
43 87 985
43 88 309
43 89 96
43 90 408
43 91 484
43 92 614
43 93 732
43 94 473
43 95 14
43 96 103
43 97 578
43 98 471
43 99 162
43 100 424
44 45 989
44 46 416
44 47 860
44 48 523
44 49 599
44 50 700
44 51 654
44 52 519
44 53 28
44 54 542
44 55 20
44 56 424
44 57 125
44 58 922
44 59 639
44 60 143
44 61 575
44 62 588
44 63 520
44 64 164
44 65 568
44 66 998
44 67 488
44 68 126
44 69 787
44 70 463
44 71 433
44 72 684
44 73 318
44 74 115
44 75 663
44 76 828
44 77 533
44 78 835
44 79 406
44 80 470
44 81 340
44 82 490
44 83 547
44 84 768
44 85 914
44 86 491
44 87 393
44 88 11
44 89 767
44 90 834
44 91 505
44 92 101
44 93 182
44 94 787
44 95 809
44 96 225
44 97 450
44 98 152
44 99 967
44 100 821
45 46 754
45 47 18
45 48 909
45 49 962
45 50 169
45 51 634
45 52 88
45 53 987
45 54 829
45 55 173
45 56 20
45 57 722
45 58 145
45 59 352
45 60 661
45 61 144
45 62 570
45 63 366
45 64 962
45 65 534
45 66 523
45 67 873
45 68 370
45 69 471
45 70 107
45 71 146
45 72 875
45 73 869
45 74 205
45 75 50
45 76 386
45 77 819
45 78 289
45 79 37
45 80 658
45 81 136
45 82 904
45 83 621
45 84 52
45 85 627
45 86 317
45 87 197
45 88 711
45 89 205
45 90 174
45 91 730
45 92 942
45 93 8
45 94 94
45 95 634
45 96 972
45 97 379
45 98 239
45 99 626
45 100 704
46 47 412
46 48 41
46 49 898
46 50 526
46 51 388
46 52 116
46 53 562
46 54 496
46 55 333
46 56 763
46 57 887
46 58 757
46 59 294
46 60 167
46 61 964
46 62 171
46 63 932
46 64 947
46 65 646
46 66 477
46 67 899
46 68 288
46 69 65
46 70 597
46 71 770
46 72 882
46 73 910
46 74 535
46 75 870
46 76 899
46 77 105
46 78 358
46 79 441
46 80 765
46 81 261
46 82 505
46 83 348
46 84 125
46 85 419
46 86 348
46 87 955
46 88 238
46 89 313
46 90 869
46 91 708
46 92 552
46 93 383
46 94 812
46 95 772
46 96 89
46 97 180
46 98 275
46 99 32
46 100 351
47 48 820
47 49 246
47 50 216
47 51 391
47 52 841
47 53 984
47 54 591
47 55 906
47 56 347
47 57 807
47 58 903
47 59 793
47 60 202
47 61 487
47 62 379
47 63 690
47 64 767
47 65 630
47 66 347
47 67 856
47 68 412
47 69 940
47 70 530
47 71 309
47 72 880
47 73 332
47 74 761
47 75 151
47 76 76
47 77 221
47 78 410
47 79 711
47 80 793
47 81 844
47 82 884
47 83 217
47 84 986
47 85 933
47 86 937
47 87 291
47 88 129
47 89 897
47 90 646
47 91 688
47 92 233
47 93 498
47 94 191
47 95 710
47 96 367
47 97 724
47 98 360
47 99 797
47 100 344
48 49 304
48 50 674
48 51 584
48 52 101
48 53 816
48 54 230
48 55 277
48 56 470
48 57 983
48 58 287
48 59 495
48 60 549
48 61 713
48 62 288
48 63 989
48 64 630
48 65 705
48 66 637
48 67 496
48 68 542
48 69 127
48 70 10
48 71 4
48 72 620
48 73 252
48 74 129
48 75 590
48 76 66
48 77 997
48 78 388
48 79 721
48 80 178
48 81 155
48 82 484
48 83 595
48 84 147
48 85 647
48 86 562
48 87 394
48 88 275
48 89 734
48 90 471
48 91 899
48 92 853
48 93 31
48 94 35
48 95 453
48 96 152
48 97 210
48 98 776
48 99 437
48 100 905
49 50 132
49 51 812
49 52 795
49 53 551
49 54 870
49 55 507
49 56 447
49 57 889
49 58 473
49 59 240
49 60 241
49 61 892
49 62 28
49 63 460
49 64 57
49 65 589
49 66 907
49 67 853
49 68 968
49 69 807
49 70 819
49 71 858
49 72 740
49 73 556
49 74 303
49 75 915
49 76 514
49 77 469
49 78 412
49 79 566
49 80 963
49 81 645
49 82 221
49 83 709
49 84 481
49 85 11
49 86 679
49 87 779
49 88 343
49 89 317
49 90 906
49 91 31
49 92 420
49 93 392
49 94 536
49 95 778
49 96 670
49 97 860
49 98 217
49 99 971
49 100 362
50 51 250
50 52 88
50 53 803
50 54 361
50 55 618
50 56 676
50 57 467
50 58 935
50 59 425
50 60 158
50 61 186
50 62 300
50 63 316
50 64 555
50 65 535
50 66 850
50 67 737
50 68 603
50 69 612
50 70 950
50 71 705
50 72 850
50 73 414
50 74 199
50 75 610
50 76 213
50 77 305
50 78 277
50 79 626
50 80 10
50 81 470
50 82 442
50 83 16
50 84 969
50 85 904
50 86 493
50 87 117
50 88 484
50 89 870
50 90 716
50 91 124
50 92 552
50 93 435
50 94 940
50 95 422
50 96 775
50 97 880
50 98 822
50 99 859
50 100 418
51 52 629
51 53 785
51 54 872
51 55 51
51 56 438
51 57 670
51 58 603
51 59 765
51 60 396
51 61 715
51 62 287
51 63 788
51 64 544
51 65 164
51 66 261
51 67 233
51 68 651
51 69 642
51 70 863
51 71 549
51 72 581
51 73 6
51 74 761
51 75 841
51 76 673
51 77 297
51 78 728
51 79 319
51 80 931
51 81 205
51 82 823
51 83 300
51 84 627
51 85 532
51 86 699
51 87 756
51 88 1
51 89 713
51 90 446
51 91 797
51 92 37
51 93 4
51 94 874
51 95 938
51 96 440
51 97 418
51 98 220
51 99 231
51 100 23
52 53 849
52 54 19
52 55 777
52 56 648
52 57 466
52 58 922
52 59 978
52 60 803
52 61 256
52 62 646
52 63 655
52 64 209
52 65 873
52 66 425
52 67 814
52 68 280
52 69 620
52 70 567
52 71 847
52 72 480
52 73 714
52 74 308
52 75 908
52 76 323
52 77 475
52 78 958
52 79 72
52 80 167
52 81 45
52 82 279
52 83 736
52 84 309
52 85 13
52 86 989
52 87 157
52 88 318
52 89 696
52 90 445
52 91 126
52 92 739
52 93 104
52 94 119
52 95 717
52 96 170
52 97 636
52 98 271
52 99 717
52 100 955
53 54 533
53 55 235
53 56 295
53 57 769
53 58 691
53 59 326
53 60 14
53 61 493
53 62 926
53 63 894
53 64 86
53 65 550
53 66 14
53 67 798
53 68 620
53 69 832
53 70 465
53 71 457
53 72 900
53 73 613
53 74 11
53 75 78
53 76 445
53 77 515
53 78 92
53 79 853
53 80 985
53 81 969
53 82 615
53 83 601
53 84 973
53 85 58
53 86 853
53 87 895
53 88 933
53 89 134
53 90 455
53 91 418
53 92 634
53 93 507
53 94 47
53 95 924
53 96 668
53 97 939
53 98 319
53 99 603
53 100 651
54 55 217
54 56 36
54 57 933
54 58 821
54 59 882
54 60 800
54 61 631
54 62 911
54 63 290
54 64 652
54 65 165
54 66 650
54 67 59
54 68 986
54 69 977
54 70 641
54 71 606
54 72 608
54 73 917
54 74 819
54 75 941
54 76 728
54 77 774
54 78 206
54 79 530
54 80 444
54 81 435
54 82 830
54 83 716
54 84 87
54 85 315
54 86 223
54 87 596
54 88 78
54 89 763
54 90 661
54 91 84
54 92 276
54 93 578
54 94 529
54 95 316
54 96 559
54 97 700
54 98 426
54 99 927
54 100 407
55 56 398
55 57 658
55 58 128
55 59 970
55 60 494
55 61 591
55 62 698
55 63 391
55 64 131
55 65 23
55 66 957
55 67 352
55 68 551
55 69 141
55 70 775
55 71 273
55 72 527
55 73 457
55 74 375
55 75 72
55 76 309
55 77 398
55 78 201
55 79 579
55 80 200
55 81 171
55 82 244
55 83 896
55 84 315
55 85 903
55 86 800
55 87 751
55 88 906
55 89 875
55 90 611
55 91 769
55 92 62
55 93 777
55 94 870
55 95 473
55 96 471
55 97 523
55 98 247
55 99 258
55 100 83
56 57 587
56 58 7
56 59 713
56 60 480
56 61 871
56 62 5
56 63 646
56 64 437
56 65 914
56 66 209
56 67 405
56 68 946
56 69 547
56 70 297
56 71 563
56 72 919
56 73 324
56 74 812
56 75 912
56 76 230
56 77 291
56 78 338
56 79 176
56 80 391
56 81 814
56 82 789
56 83 955
56 84 949
56 85 460
56 86 279
56 87 36
56 88 649
56 89 588
56 90 580
56 91 417
56 92 642
56 93 722
56 94 631
56 95 966
56 96 647
56 97 499
56 98 925
56 99 892
56 100 454
57 58 823
57 59 264
57 60 241
57 61 675
57 62 544
57 63 405
57 64 694
57 65 141
57 66 901
57 67 994
57 68 288
57 69 747
57 70 535
57 71 541
57 72 752
57 73 909
57 74 506
57 75 596
57 76 234
57 77 462
57 78 628
57 79 742
57 80 467
57 81 916
57 82 867
57 83 622
57 84 499
57 85 268
57 86 745
57 87 488
57 88 594
57 89 746
57 90 789
57 91 355
57 92 877
57 93 299
57 94 109
57 95 910
57 96 465
57 97 820
57 98 892
57 99 449
57 100 16
58 59 341
58 60 990
58 61 947
58 62 300
58 63 56
58 64 353
58 65 635
58 66 261
58 67 771
58 68 29
58 69 334
58 70 341
58 71 28
58 72 350
58 73 542
58 74 139
58 75 819
58 76 156
58 77 700
58 78 487
58 79 639
58 80 45
58 81 365
58 82 6
58 83 631
58 84 34
58 85 709
58 86 568
58 87 337
58 88 836
58 89 697
58 90 938
58 91 195
58 92 631
58 93 429
58 94 909
58 95 128
58 96 93
58 97 366
58 98 155
58 99 418
58 100 156
59 60 839
59 61 500
59 62 618
59 63 749
59 64 821
59 65 832
59 66 620
59 67 435
59 68 147
59 69 586
59 70 33
59 71 721
59 72 416
59 73 204
59 74 181
59 75 42
59 76 673
59 77 589
59 78 999
59 79 362
59 80 677
59 81 151
59 82 214
59 83 879
59 84 225
59 85 806
59 86 119
59 87 392
59 88 320
59 89 536
59 90 483
59 91 98
59 92 782
59 93 132
59 94 283
59 95 923
59 96 226
59 97 715
59 98 641
59 99 64
59 100 806
60 61 395
60 62 205
60 63 870
60 64 405
60 65 207
60 66 928
60 67 602
60 68 836
60 69 410
60 70 692
60 71 46
60 72 707
60 73 138
60 74 159
60 75 561
60 76 273
60 77 248
60 78 593
60 79 638
60 80 250
60 81 174
60 82 572
60 83 641
60 84 854
60 85 184
60 86 426
60 87 770
60 88 528
60 89 166
60 90 16
60 91 691
60 92 843
60 93 743
60 94 761
60 95 853
60 96 942
60 97 750
60 98 467
60 99 103
60 100 2
61 62 976
61 63 793
61 64 815
61 65 614
61 66 343
61 67 236
61 68 423
61 69 239
61 70 346
61 71 85
61 72 368
61 73 498
61 74 445
61 75 507
61 76 603
61 77 309
61 78 284
61 79 100
61 80 154
61 81 880
61 82 684
61 83 39
61 84 666
61 85 675
61 86 940
61 87 570
61 88 842
61 89 534
61 90 294
61 91 549
61 92 612
61 93 232
61 94 293
61 95 958
61 96 315
61 97 777
61 98 172
61 99 23
61 100 223
62 63 284
62 64 302
62 65 856
62 66 701
62 67 690
62 68 299
62 69 797
62 70 413
62 71 48
62 72 454
62 73 70
62 74 203
62 75 693
62 76 962
62 77 922
62 78 252
62 79 93
62 80 945
62 81 76
62 82 312
62 83 837
62 84 510
62 85 154
62 86 168
62 87 444
62 88 256
62 89 829
62 90 748
62 91 910
62 92 985
62 93 959
62 94 404
62 95 543
62 96 737
62 97 758
62 98 519
62 99 58
62 100 786
63 64 442
63 65 376
63 66 39
63 67 233
63 68 23
63 69 651
63 70 392
63 71 93
63 72 513
63 73 622
63 74 446
63 75 301
63 76 410
63 77 397
63 78 94
63 79 815
63 80 571
63 81 955
63 82 634
63 83 65
63 84 58
63 85 233
63 86 838
63 87 967
63 88 555
63 89 780
63 90 401
63 91 698
63 92 308
63 93 449
63 94 660
63 95 797
63 96 270
63 97 198
63 98 522
63 99 227
63 100 863
64 65 189
64 66 619
64 67 589
64 68 87
64 69 199
64 70 973
64 71 769
64 72 729
64 73 335
64 74 334
64 75 474
64 76 651
64 77 713
64 78 383
64 79 56
64 80 202
64 81 612
64 82 312
64 83 529
64 84 601
64 85 758
64 86 807
64 87 261
64 88 960
64 89 533
64 90 795
64 91 908
64 92 332
64 93 374
64 94 519
64 95 313
64 96 748
64 97 299
64 98 745
64 99 846
64 100 574
65 66 337
65 67 936
65 68 648
65 69 190
65 70 33
65 71 511
65 72 527
65 73 58
65 74 742
65 75 852
65 76 862
65 77 897
65 78 202
65 79 729
65 80 459
65 81 743
65 82 472
65 83 531
65 84 548
65 85 108
65 86 802
65 87 864
65 88 848
65 89 128
65 90 999
65 91 766
65 92 542
65 93 642
65 94 832
65 95 738
65 96 85
65 97 606
65 98 917
65 99 511
65 100 278
66 67 512
66 68 558
66 69 14
66 70 13
66 71 380
66 72 593
66 73 830
66 74 742
66 75 57
66 76 479
66 77 818
66 78 318
66 79 312
66 80 323
66 81 115
66 82 506
66 83 678
66 84 314
66 85 41
66 86 767
66 87 679
66 88 868
66 89 759
66 90 840
66 91 461
66 92 407
66 93 397
66 94 240
66 95 118
66 96 691
66 97 254
66 98 491
66 99 317
66 100 424
67 68 70
67 69 993
67 70 224
67 71 337
67 72 867
67 73 257
67 74 984
67 75 865
67 76 292
67 77 569
67 78 785
67 79 661
67 80 966
67 81 554
67 82 173
67 83 466
67 84 584
67 85 105
67 86 636
67 87 482
67 88 855
67 89 545
67 90 105
67 91 199
67 92 397
67 93 292
67 94 786
67 95 811
67 96 877
67 97 885
67 98 776
67 99 741
67 100 890
68 69 775
68 70 652
68 71 881
68 72 596
68 73 63
68 74 320
68 75 148
68 76 301
68 77 971
68 78 153
68 79 514
68 80 196
68 81 270
68 82 232
68 83 20
68 84 431
68 85 89
68 86 681
68 87 649
68 88 784
68 89 87
68 90 811
68 91 153
68 92 430
68 93 384
68 94 824
68 95 547
68 96 356
68 97 394
68 98 946
68 99 194
68 100 843
69 70 889
69 71 118
69 72 279
69 73 569
69 74 989
69 75 248
69 76 688
69 77 121
69 78 251
69 79 678
69 80 924
69 81 277
69 82 252
69 83 733
69 84 197
69 85 734
69 86 24
69 87 512
69 88 676
69 89 362
69 90 71
69 91 18
69 92 238
69 93 739
69 94 730
69 95 391
69 96 432
69 97 431
69 98 688
69 99 331
69 100 967
70 71 801
70 72 831
70 73 769
70 74 178
70 75 231
70 76 11
70 77 565
70 78 692
70 79 835
70 80 809
70 81 389
70 82 702
70 83 832
70 84 268
70 85 974
70 86 112
70 87 268
70 88 996
70 89 940
70 90 604
70 91 298
70 92 108
70 93 314
70 94 900
70 95 187
70 96 994
70 97 221
70 98 547
70 99 333
70 100 458
71 72 320
71 73 696
71 74 966
71 75 786
71 76 292
71 77 937
71 78 569
71 79 46
71 80 56
71 81 918
71 82 931
71 83 68
71 84 412
71 85 988
71 86 999
71 87 469
71 88 592
71 89 945
71 90 607
71 91 920
71 92 377
71 93 542
71 94 398
71 95 589
71 96 787
71 97 502
71 98 638
71 99 505
71 100 566
72 73 611
72 74 452
72 75 193
72 76 33
72 77 355
72 78 726
72 79 324
72 80 291
72 81 980
72 82 21
72 83 53
72 84 574
72 85 406
72 86 593
72 87 861
72 88 54
72 89 594
72 90 715
72 91 421
72 92 774
72 93 276
72 94 433
72 95 445
72 96 400
72 97 788
72 98 790
72 99 104
72 100 335
73 74 338
73 75 806
73 76 761
73 77 705
73 78 324
73 79 591
73 80 338
73 81 419
73 82 272
73 83 749
73 84 875
73 85 745
73 86 596
73 87 627
73 88 537
73 89 712
73 90 698
73 91 26
73 92 398
73 93 642
73 94 220
73 95 981
73 96 64
73 97 903
73 98 699
73 99 393
73 100 895
74 75 33
74 76 438
74 77 124
74 78 353
74 79 730
74 80 225
74 81 16
74 82 4
74 83 472
74 84 397
74 85 623
74 86 270
74 87 674
74 88 677
74 89 804
74 90 743
74 91 130
74 92 541
74 93 75
74 94 340
74 95 471
74 96 680
74 97 921
74 98 952
74 99 523
74 100 295
75 76 61
75 77 420
75 78 621
75 79 879
75 80 200
75 81 222
75 82 668
75 83 49
75 84 641
75 85 474
75 86 695
75 87 638
75 88 105
75 89 771
75 90 571
75 91 392
75 92 276
75 93 709
75 94 297
75 95 106
75 96 508
75 97 875
75 98 886
75 99 387
75 100 541
76 77 636
76 78 671
76 79 669
76 80 8
76 81 449
76 82 782
76 83 651
76 84 785
76 85 808
76 86 92
76 87 336
76 88 67
76 89 2
76 90 4
76 91 512
76 92 111
76 93 872
76 94 334
76 95 436
76 96 487
76 97 901
76 98 964
76 99 688
76 100 210
77 78 371
77 79 169
77 80 22
77 81 528
77 82 231
77 83 773
77 84 123
77 85 977
77 86 293
77 87 742
77 88 824
77 89 104
77 90 33
77 91 202
77 92 104
77 93 929
77 94 415
77 95 638
77 96 321
77 97 444
77 98 514
77 99 763
77 100 676
78 79 812
78 80 194
78 81 818
78 82 85
78 83 366
78 84 611
78 85 565
78 86 669
78 87 548
78 88 955
78 89 323
78 90 940
78 91 888
78 92 37
78 93 834
78 94 745
78 95 793
78 96 313
78 97 841
78 98 34
78 99 551
78 100 163
79 80 866
79 81 401
79 82 154
79 83 364
79 84 406
79 85 855
79 86 68
79 87 549
79 88 812
79 89 571
79 90 16
79 91 63
79 92 647
79 93 241
79 94 130
79 95 527
79 96 90
79 97 481
79 98 351
79 99 691
79 100 83
80 81 631
80 82 415
80 83 46
80 84 294
80 85 882
80 86 27
80 87 87
80 88 719
80 89 670
80 90 720
80 91 333
80 92 32
80 93 319
80 94 779
80 95 917
80 96 535
80 97 964
80 98 195
80 99 586
80 100 632
81 82 314
81 83 415
81 84 694
81 85 983
81 86 376
81 87 806
81 88 898
81 89 878
81 90 189
81 91 252
81 92 141
81 93 260
81 94 555
81 95 716
81 96 542
81 97 843
81 98 815
81 99 967
81 100 906
82 83 21
82 84 263
82 85 853
82 86 779
82 87 11
82 88 646
82 89 457
82 90 387
82 91 946
82 92 793
82 93 132
82 94 794
82 95 993
82 96 81
82 97 425
82 98 849
82 99 182
82 100 600
83 84 589
83 85 487
83 86 553
83 87 523
83 88 20
83 89 940
83 90 204
83 91 412
83 92 849
83 93 959
83 94 162
83 95 416
83 96 982
83 97 477
83 98 218
83 99 736
83 100 894
84 85 700
84 86 269
84 87 979
84 88 145
84 89 681
84 90 144
84 91 903
84 92 648
84 93 145
84 94 292
84 95 851
84 96 166
84 97 397
84 98 790
84 99 385
84 100 291
85 86 950
85 87 366
85 88 98
85 89 476
85 90 187
85 91 152
85 92 798
85 93 914
85 94 102
85 95 286
85 96 156
85 97 696
85 98 341
85 99 264
85 100 440
86 87 876
86 88 543
86 89 425
86 90 557
86 91 335
86 92 613
86 93 706
86 94 539
86 95 883
86 96 696
86 97 947
86 98 586
86 99 465
86 100 436
87 88 146
87 89 813
87 90 470
87 91 294
87 92 585
87 93 509
87 94 337
87 95 1
87 96 791
87 97 133
87 98 688
87 99 566
87 100 323
88 89 295
88 90 532
88 91 815
88 92 243
88 93 971
88 94 8
88 95 798
88 96 775
88 97 373
88 98 756
88 99 118
88 100 979
89 90 476
89 91 942
89 92 797
89 93 76
89 94 193
89 95 142
89 96 549
89 97 366
89 98 574
89 99 984
89 100 304
90 91 449
90 92 378
90 93 64
90 94 694
90 95 832
90 96 195
90 97 47
90 98 423
90 99 692
90 100 757
91 92 564
91 93 508
91 94 240
91 95 153
91 96 16
91 97 297
91 98 764
91 99 105
91 100 895
92 93 306
92 94 509
92 95 726
92 96 321
92 97 759
92 98 525
92 99 115
92 100 241
93 94 224
93 95 960
93 96 136
93 97 948
93 98 799
93 99 730
93 100 893
94 95 195
94 96 356
94 97 223
94 98 210
94 99 425
94 100 858
95 96 972
95 97 52
95 98 20
95 99 94
95 100 198
96 97 161
96 98 730
96 99 876
96 100 539
97 98 318
97 99 842
97 100 639
98 99 807
98 100 673
99 100 911
