100 4950
1 2 173
1 3 123
1 4 396
1 5 970
1 6 697
1 7 608
1 8 821
1 9 652
1 10 662
1 11 496
1 12 330
1 13 99
1 14 545
1 15 847
1 16 53
1 17 854
1 18 118
1 19 22
1 20 392
1 21 893
1 22 200
1 23 961
1 24 693
1 25 111
1 26 58
1 27 781
1 28 706
1 29 378
1 30 114
1 31 929
1 32 249
1 33 521
1 34 516
1 35 693
1 36 751
1 37 593
1 38 477
1 39 666
1 40 449
1 41 902
1 42 171
1 43 530
1 44 491
1 45 489
1 46 247
1 47 814
1 48 538
1 49 297
1 50 946
1 51 857
1 52 282
1 53 574
1 54 663
1 55 615
1 56 14
1 57 909
1 58 41
1 59 838
1 60 954
1 61 218
1 62 407
1 63 450
1 64 398
1 65 677
1 66 63
1 67 883
1 68 462
1 69 885
1 70 621
1 71 328
1 72 226
1 73 76
1 74 756
1 75 993
1 76 664
1 77 402
1 78 578
1 79 493
1 80 452
1 81 232
1 82 484
1 83 144
1 84 92
1 85 515
1 86 327
1 87 240
1 88 848
1 89 182
1 90 576
1 91 651
1 92 409
1 93 622
1 94 414
1 95 215
1 96 509
1 97 762
1 98 667
1 99 524
1 100 745
2 3 315
2 4 552
2 5 198
2 6 966
2 7 326
2 8 399
2 9 432
2 10 609
2 11 914
2 12 979
2 13 898
2 14 733
2 15 154
2 16 799
2 17 147
2 18 978
2 19 962
2 20 731
2 21 380
2 22 257
2 23 674
2 24 367
2 25 52
2 26 126
2 27 758
2 28 599
2 29 289
2 30 751
2 31 782
2 32 15
2 33 566
2 34 593
2 35 735
2 36 901
2 37 813
2 38 112
2 39 661
2 40 773
2 41 988
2 42 103
2 43 322
2 44 259
2 45 365
2 46 85
2 47 536
2 48 166
2 49 336
2 50 285
2 51 943
2 52 341
2 53 610
2 54 36
2 55 638
2 56 185
2 57 415
2 58 398
2 59 858
2 60 463
2 61 241
2 62 387
2 63 547
2 64 609
2 65 332
2 66 634
2 67 62
2 68 184
2 69 512
2 70 783
2 71 286
2 72 48
2 73 540
2 74 269
2 75 378
2 76 353
2 77 638
2 78 992
2 79 704
2 80 536
2 81 140
2 82 209
2 83 825
2 84 786
2 85 512
2 86 728
2 87 873
2 88 551
2 89 827
2 90 582
2 91 655
2 92 914
2 93 17
2 94 1
2 95 765
2 96 774
2 97 927
2 98 972
2 99 468
2 100 206
3 4 153
3 5 390
3 6 796
3 7 404
3 8 578
3 9 169
3 10 493
3 11 872
3 12 983
3 13 536
3 14 520
3 15 390
3 16 323
3 17 94
3 18 942
3 19 587
3 20 982
3 21 447
3 22 586
3 23 142
3 24 801
3 25 326
3 26 78
3 27 912
3 28 43
3 29 420
3 30 403
3 31 969
3 32 240
3 33 445
3 34 709
3 35 618
3 36 529
3 37 170
3 38 510
3 39 556
3 40 461
3 41 228
3 42 360
3 43 790
3 44 845
3 45 215
3 46 695
3 47 908
3 48 512
3 49 742
3 50 33
3 51 684
3 52 580
3 53 787
3 54 833
3 55 373
3 56 965
3 57 9
3 58 135
3 59 808
3 60 384
3 61 3
3 62 980
3 63 417
3 64 630
3 65 495
3 66 830
3 67 685
3 68 799
3 69 4
3 70 205
3 71 493
3 72 607
3 73 940
3 74 68
3 75 139
3 76 414
3 77 75
3 78 442
3 79 658
3 80 563
3 81 294
3 82 360
3 83 139
3 84 441
3 85 842
3 86 84
3 87 445
3 88 113
3 89 11
3 90 730
3 91 25
3 92 819
3 93 27
3 94 208
3 95 548
3 96 237
3 97 744
3 98 989
3 99 601
3 100 155
4 5 815
4 6 35
4 7 321
4 8 112
4 9 883
4 10 553
4 11 405
4 12 840
4 13 340
4 14 194
4 15 44
4 16 327
4 17 739
4 18 585
4 19 431
4 20 816
4 21 692
4 22 113
4 23 374
4 24 78
4 25 733
4 26 386
4 27 912
4 28 264
4 29 823
4 30 542
4 31 448
4 32 985
4 33 199
4 34 891
4 35 4
4 36 760
4 37 318
4 38 998
4 39 317
4 40 704
4 41 430
4 42 885
4 43 687
4 44 486
4 45 956
4 46 308
4 47 222
4 48 445
4 49 25
4 50 20
4 51 994
4 52 166
4 53 740
4 54 157
4 55 421
4 56 696
4 57 428
4 58 610
4 59 604
4 60 800
4 61 730
4 62 488
4 63 748
4 64 826
4 65 522
4 66 95
4 67 131
4 68 565
4 69 965
4 70 319
4 71 304
4 72 243
4 73 120
4 74 800
4 75 252
4 76 141
4 77 492
4 78 307
4 79 844
4 80 374
4 81 729
4 82 562
4 83 264
4 84 88
4 85 786
4 86 117
4 87 844
4 88 408
4 89 895
4 90 838
4 91 591
4 92 635
4 93 904
4 94 97
4 95 204
4 96 884
4 97 940
4 98 334
4 99 815
4 100 576
5 6 624
5 7 85
5 8 346
5 9 6
5 10 330
5 11 855
5 12 966
5 13 549
5 14 853
5 15 864
5 16 421
5 17 5
5 18 869
5 19 251
5 20 586
5 21 776
5 22 852
5 23 71
5 24 84
5 25 118
5 26 196
5 27 759
5 28 850
5 29 673
5 30 728
5 31 327
5 32 63
5 33 845
5 34 314
5 35 906
5 36 3
5 37 172
5 38 773
5 39 305
5 40 854
5 41 654
5 42 526
5 43 386
5 44 769
5 45 179
5 46 558
5 47 314
5 48 571
5 49 334
5 50 524
5 51 552
5 52 903
5 53 519
5 54 981
5 55 180
5 56 951
5 57 865
5 58 751
5 59 242
5 60 589
5 61 620
5 62 999
5 63 251
5 64 222
5 65 417
5 66 856
5 67 846
5 68 798
5 69 194
5 70 720
5 71 356
5 72 865
5 73 62
5 74 277
5 75 138
5 76 321
5 77 329
5 78 564
5 79 918
5 80 217
5 81 693
5 82 383
5 83 798
5 84 556
5 85 617
5 86 602
5 87 698
5 88 574
5 89 714
5 90 920
5 91 14
5 92 289
5 93 541
5 94 915
5 95 617
5 96 891
5 97 942
5 98 204
5 99 898
5 100 595
6 7 997
6 8 919
6 9 915
6 10 535
6 11 118
6 12 137
6 13 1
6 14 135
6 15 289
6 16 875
6 17 26
6 18 35
6 19 555
6 20 336
6 21 965
6 22 381
6 23 598
6 24 383
6 25 576
6 26 161
6 27 446
6 28 688
6 29 633
6 30 549
6 31 155
6 32 993
6 33 768
6 34 400
6 35 896
6 36 671
6 37 609
6 38 806
6 39 232
6 40 449
6 41 822
6 42 130
6 43 342
6 44 207
6 45 69
6 46 245
6 47 51
6 48 545
6 49 563
6 50 965
6 51 418
6 52 199
6 53 301
6 54 783
6 55 38
6 56 981
6 57 422
6 58 615
6 59 16
6 60 157
6 61 186
6 62 830
6 63 757
6 64 7
6 65 334
6 66 283
6 67 124
6 68 464
6 69 342
6 70 612
6 71 390
6 72 412
6 73 78
6 74 701
6 75 447
6 76 77
6 77 989
6 78 652
6 79 940
6 80 240
6 81 227
6 82 469
6 83 145
6 84 244
6 85 153
6 86 809
6 87 863
6 88 565
6 89 119
6 90 939
6 91 327
6 92 208
6 93 908
6 94 183
6 95 1
6 96 391
6 97 863
6 98 811
6 99 476
6 100 31
7 8 875
7 9 178
7 10 11
7 11 727
7 12 705
7 13 483
7 14 486
7 15 574
7 16 652
7 17 630
7 18 597
7 19 700
7 20 460
7 21 978
7 22 938
7 23 203
7 24 177
7 25 892
7 26 774
7 27 952
7 28 594
7 29 905
7 30 736
7 31 453
7 32 632
7 33 863
7 34 496
7 35 867
7 36 879
7 37 129
7 38 976
7 39 419
7 40 725
7 41 598
7 42 867
7 43 353
7 44 333
7 45 883
7 46 221
7 47 744
7 48 587
7 49 755
7 50 496
7 51 664
7 52 22
7 53 733
7 54 995
7 55 273
7 56 791
7 57 771
7 58 790
7 59 768
7 60 859
7 61 889
7 62 95
7 63 918
7 64 533
7 65 56
7 66 813
7 67 503
7 68 162
7 69 164
7 70 511
7 71 572
7 72 18
7 73 606
7 74 783
7 75 790
7 76 570
7 77 381
7 78 724
7 79 527
7 80 316
7 81 527
7 82 853
7 83 986
7 84 149
7 85 951
7 86 297
7 87 949
7 88 598
7 89 712
7 90 380
7 91 604
7 92 386
7 93 176
7 94 111
7 95 149
7 96 438
7 97 482
7 98 844
7 99 864
7 100 754
8 9 314
8 10 428
8 11 932
8 12 16
8 13 523
8 14 255
8 15 812
8 16 986
8 17 905
8 18 806
8 19 92
8 20 602
8 21 41
8 22 686
8 23 897
8 24 524
8 25 462
8 26 796
8 27 592
8 28 698
8 29 757
8 30 490
8 31 113
8 32 541
8 33 195
8 34 14
8 35 864
8 36 788
8 37 712
8 38 687
8 39 959
8 40 302
8 41 158
8 42 709
8 43 348
8 44 246
8 45 374
8 46 283
8 47 936
8 48 463
8 49 238
8 50 417
8 51 101
8 52 378
8 53 984
8 54 558
8 55 880
8 56 50
8 57 130
8 58 570
8 59 622
8 60 504
8 61 41
8 62 103
8 63 9
8 64 465
8 65 763
8 66 515
8 67 981
8 68 777
8 69 168
8 70 470
8 71 3
8 72 452
8 73 50
8 74 157
8 75 137
8 76 331
8 77 13
8 78 552
8 79 114
8 80 996
8 81 136
8 82 645
8 83 747
8 84 992
8 85 228
8 86 767
8 87 481
8 88 215
8 89 402
8 90 209
8 91 26
8 92 771
8 93 757
8 94 438
8 95 715
8 96 112
8 97 819
8 98 882
8 99 980
8 100 309
9 10 625
9 11 203
9 12 132
9 13 441
9 14 54
9 15 554
9 16 514
9 17 22
9 18 913
9 19 82
9 20 831
9 21 711
9 22 860
9 23 927
9 24 705
9 25 320
9 26 609
9 27 646
9 28 445
9 29 769
9 30 940
9 31 445
9 32 313
9 33 33
9 34 793
9 35 312
9 36 424
9 37 178
9 38 343
9 39 843
9 40 228
9 41 198
9 42 497
9 43 326
9 44 703
9 45 555
9 46 428
9 47 67
9 48 204
9 49 342
9 50 373
9 51 814
9 52 316
9 53 930
9 54 190
9 55 890
9 56 226
9 57 986
9 58 484
9 59 408
9 60 776
9 61 872
9 62 814
9 63 24
9 64 820
9 65 773
9 66 372
9 67 658
9 68 291
9 69 81
9 70 425
9 71 18
9 72 679
9 73 868
9 74 825
9 75 866
9 76 319
9 77 151
9 78 839
9 79 148
9 80 191
9 81 305
9 82 149
9 83 481
9 84 20
9 85 849
9 86 564
9 87 840
9 88 65
9 89 253
9 90 700
9 91 421
9 92 745
9 93 979
9 94 867
9 95 666
9 96 813
9 97 891
9 98 653
9 99 134
9 100 243
10 11 917
10 12 773
10 13 288
10 14 325
10 15 431
10 16 98
10 17 169
10 18 726
10 19 291
10 20 372
10 21 832
10 22 989
10 23 569
10 24 466
10 25 793
10 26 413
10 27 326
10 28 420
10 29 700
10 30 175
10 31 16
10 32 817
10 33 768
10 34 388
10 35 741
10 36 741
10 37 700
10 38 587
10 39 684
10 40 233
10 41 590
10 42 868
10 43 248
10 44 907
10 45 780
10 46 375
10 47 444
10 48 410
10 49 570
10 50 205
10 51 728
10 52 355
10 53 310
10 54 376
10 55 809
10 56 343
10 57 541
10 58 268
10 59 155
10 60 864
10 61 578
10 62 463
10 63 13
10 64 134
10 65 471
10 66 908
10 67 734
10 68 713
10 69 342
10 70 390
10 71 525
10 72 163
10 73 489
10 74 779
10 75 493
10 76 227
10 77 788
10 78 58
10 79 296
10 80 87
10 81 935
10 82 134
10 83 568
10 84 365
10 85 454
10 86 244
10 87 65
10 88 652
10 89 423
10 90 484
10 91 309
10 92 905
10 93 227
10 94 198
10 95 506
10 96 219
10 97 809
10 98 973
10 99 103
10 100 229
11 12 268
11 13 441
11 14 461
11 15 813
11 16 169
11 17 716
11 18 79
11 19 805
11 20 679
11 21 610
11 22 216
11 23 264
11 24 438
11 25 64
11 26 948
11 27 538
11 28 514
11 29 133
11 30 196
11 31 857
11 32 233
11 33 382
11 34 583
11 35 202
11 36 90
11 37 98
11 38 65
11 39 436
11 40 948
11 41 550
11 42 781
11 43 569
11 44 202
11 45 42
11 46 376
11 47 240
11 48 267
11 49 830
11 50 822
11 51 332
11 52 156
11 53 517
11 54 56
11 55 333
11 56 228
11 57 202
11 58 86
11 59 536
11 60 843
11 61 784
11 62 707
11 63 346
11 64 716
11 65 494
11 66 548
11 67 199
11 68 221
11 69 138
11 70 704
11 71 272
11 72 89
11 73 636
11 74 496
11 75 927
11 76 952
11 77 814
11 78 242
11 79 333
11 80 477
11 81 956
11 82 669
11 83 752
11 84 40
11 85 973
11 86 109
11 87 674
11 88 582
11 89 397
11 90 682
11 91 546
11 92 212
11 93 731
11 94 957
11 95 378
11 96 812
11 97 999
11 98 675
11 99 231
11 100 918
12 13 16
12 14 616
12 15 663
12 16 265
12 17 496
12 18 134
12 19 747
12 20 862
12 21 916
12 22 872
12 23 306
12 24 815
12 25 597
12 26 810
12 27 46
12 28 362
12 29 985
12 30 987
12 31 9
12 32 273
12 33 687
12 34 983
12 35 899
12 36 286
12 37 918
12 38 562
12 39 966
12 40 709
12 41 768
12 42 583
12 43 118
12 44 17
12 45 228
12 46 978
12 47 630
12 48 29
12 49 571
12 50 764
12 51 642
12 52 99
12 53 43
12 54 863
12 55 191
12 56 393
12 57 371
12 58 36
12 59 396
12 60 45
12 61 343
12 62 908
12 63 460
12 64 821
12 65 318
12 66 238
12 67 997
12 68 435
12 69 753
12 70 872
12 71 140
12 72 640
12 73 246
12 74 155
12 75 101
12 76 714
12 77 29
12 78 362
12 79 714
12 80 383
12 81 392
12 82 297
12 83 235
12 84 659
12 85 497
12 86 735
12 87 713
12 88 922
12 89 54
12 90 856
12 91 421
12 92 167
12 93 767
12 94 38
12 95 705
12 96 421
12 97 550
12 98 479
12 99 889
12 100 481
13 14 226
13 15 542
13 16 948
13 17 940
13 18 381
13 19 934
13 20 517
13 21 581
13 22 360
13 23 756
13 24 902
13 25 916
13 26 503
13 27 306
13 28 161
13 29 844
13 30 994
13 31 375
13 32 179
13 33 777
13 34 638
13 35 306
13 36 764
13 37 158
13 38 281
13 39 434
13 40 803
13 41 33
13 42 825
13 43 399
13 44 95
13 45 568
13 46 411
13 47 846
13 48 706
13 49 593
13 50 976
13 51 562
13 52 100
13 53 236
13 54 997
13 55 932
13 56 148
13 57 309
13 58 252
13 59 60
13 60 434
13 61 293
13 62 25
13 63 947
13 64 993
13 65 702
13 66 884
13 67 321
13 68 973
13 69 494
13 70 386
13 71 221
13 72 865
13 73 547
13 74 355
13 75 661
13 76 257
13 77 22
13 78 563
13 79 495
13 80 181
13 81 458
13 82 338
13 83 743
13 84 665
13 85 55
13 86 940
13 87 288
13 88 837
13 89 654
13 90 958
13 91 798
13 92 65
13 93 790
13 94 265
13 95 365
13 96 293
13 97 434
13 98 775
13 99 901
13 100 482
14 15 668
14 16 895
14 17 289
14 18 699
14 19 957
14 20 514
14 21 957
14 22 122
14 23 667
14 24 730
14 25 344
14 26 139
14 27 974
14 28 781
14 29 90
14 30 322
14 31 980
14 32 835
14 33 576
14 34 73
14 35 299
14 36 203
14 37 277
14 38 146
14 39 721
14 40 214
14 41 139
14 42 948
14 43 864
14 44 263
14 45 208
14 46 456
14 47 909
14 48 648
14 49 974
14 50 272
14 51 533
14 52 695
14 53 235
14 54 586
14 55 606
14 56 683
14 57 313
14 58 182
14 59 890
14 60 652
14 61 144
14 62 876
14 63 405
14 64 284
14 65 543
14 66 266
14 67 710
14 68 894
14 69 426
14 70 919
14 71 757
14 72 47
14 73 150
14 74 604
14 75 895
14 76 273
14 77 148
14 78 579
14 79 912
14 80 622
14 81 636
14 82 450
14 83 225
14 84 728
14 85 251
14 86 661
14 87 877
14 88 893
14 89 894
14 90 621
14 91 306
14 92 85
14 93 887
14 94 887
14 95 378
14 96 63
14 97 310
14 98 351
14 99 277
14 100 312
15 16 624
15 17 921
15 18 959
15 19 632
15 20 471
15 21 436
15 22 253
15 23 198
15 24 293
15 25 437
15 26 644
15 27 21
15 28 101
15 29 1
15 30 695
15 31 599
15 32 244
15 33 435
15 34 302
15 35 179
15 36 824
15 37 935
15 38 575
15 39 678
15 40 72
15 41 996
15 42 887
15 43 27
15 44 8
15 45 36
15 46 497
15 47 14
15 48 801
15 49 520
15 50 208
15 51 998
15 52 388
15 53 84
15 54 753
15 55 376
15 56 309
15 57 920
15 58 327
15 59 812
15 60 950
15 61 246
15 62 45
15 63 214
15 64 704
15 65 336
15 66 373
15 67 463
15 68 730
15 69 460
15 70 560
15 71 841
15 72 490
15 73 969
15 74 587
15 75 28
15 76 570
15 77 198
15 78 74
15 79 634
15 80 951
15 81 389
15 82 26
15 83 143
15 84 189
15 85 33
15 86 105
15 87 313
15 88 583
15 89 93
15 90 612
15 91 304
15 92 447
15 93 746
15 94 789
15 95 788
15 96 104
15 97 989
15 98 86
15 99 95
15 100 282
16 17 659
16 18 770
16 19 864
16 20 700
16 21 819
16 22 205
16 23 439
16 24 729
16 25 52
16 26 336
16 27 540
16 28 46
16 29 463
16 30 292
16 31 725
16 32 152
16 33 641
16 34 906
16 35 169
16 36 177
16 37 401
16 38 449
16 39 16
16 40 553
16 41 971
16 42 94
16 43 634
16 44 453
16 45 163
16 46 538
16 47 880
16 48 935
16 49 218
16 50 168
16 51 36
16 52 806
16 53 123
16 54 954
16 55 317
16 56 439
16 57 97
16 58 179
16 59 155
16 60 362
16 61 765
16 62 993
16 63 358
16 64 45
16 65 188
16 66 588
16 67 961
16 68 252
16 69 400
16 70 808
16 71 631
16 72 568
16 73 786
16 74 861
16 75 302
16 76 547
16 77 569
16 78 726
16 79 562
16 80 790
16 81 146
16 82 889
16 83 895
16 84 338
16 85 117
16 86 785
16 87 663
16 88 650
16 89 936
16 90 836
16 91 72
16 92 792
16 93 68
16 94 265
16 95 711
16 96 388
16 97 52
16 98 26
16 99 435
16 100 196
17 18 858
17 19 818
17 20 465
17 21 322
17 22 77
17 23 557
17 24 224
17 25 762
17 26 28
17 27 366
17 28 353
17 29 731
17 30 854
17 31 720
17 32 926
17 33 724
17 34 597
17 35 576
17 36 143
17 37 475
17 38 251
17 39 799
17 40 667
17 41 729
17 42 911
17 43 572
17 44 44
17 45 409
17 46 190
17 47 492
17 48 125
17 49 559
17 50 55
17 51 335
17 52 238
17 53 871
17 54 408
17 55 227
17 56 156
17 57 466
17 58 68
17 59 128
17 60 715
17 61 452
17 62 823
17 63 602
17 64 372
17 65 934
17 66 353
17 67 386
17 68 617
17 69 999
17 70 662
17 71 450
17 72 822
17 73 823
17 74 64
17 75 707
17 76 781
17 77 277
17 78 73
17 79 993
17 80 442
17 81 169
17 82 10
17 83 527
17 84 362
17 85 289
17 86 246
17 87 20
17 88 754
17 89 901
17 90 234
17 91 898
17 92 652
17 93 499
17 94 626
17 95 613
17 96 771
17 97 352
17 98 236
17 99 166
17 100 377
18 19 733
18 20 518
18 21 930
18 22 836
18 23 2
18 24 900
18 25 896
18 26 174
18 27 263
18 28 527
18 29 237
18 30 982
18 31 643
18 32 270
18 33 657
18 34 743
18 35 237
18 36 945
18 37 749
18 38 367
18 39 400
18 40 215
18 41 36
18 42 710
18 43 271
18 44 21
18 45 118
18 46 389
18 47 608
18 48 636
18 49 619
18 50 711
18 51 523
18 52 409
18 53 578
18 54 697
18 55 821
18 56 312
18 57 334
18 58 11
18 59 28
18 60 357
18 61 456
18 62 80
18 63 641
18 64 690
18 65 986
18 66 139
18 67 580
18 68 743
18 69 987
18 70 239
18 71 331
18 72 902
18 73 506
18 74 942
18 75 148
18 76 832
18 77 324
18 78 831
18 79 934
18 80 630
18 81 928
18 82 100
18 83 824
18 84 980
18 85 270
18 86 685
18 87 671
18 88 195
18 89 96
18 90 9
18 91 385
18 92 485
18 93 888
18 94 263
18 95 649
18 96 410
18 97 657
18 98 194
18 99 936
18 100 161
19 20 477
19 21 144
19 22 348
19 23 515
19 24 145
19 25 753
19 26 118
19 27 682
19 28 803
19 29 818
19 30 816
19 31 789
19 32 50
19 33 368
19 34 401
19 35 867
19 36 45
19 37 693
19 38 44
19 39 128
19 40 788
19 41 234
19 42 521
19 43 788
19 44 198
19 45 962
19 46 514
19 47 530
19 48 1
19 49 567
19 50 345
19 51 316
19 52 868
19 53 19
19 54 919
19 55 398
19 56 127
19 57 984
19 58 319
19 59 469
19 60 470
19 61 593
19 62 351
19 63 812
19 64 15
19 65 760
19 66 48
19 67 801
19 68 689
19 69 528
19 70 489
19 71 880
19 72 434
19 73 443
19 74 449
19 75 397
19 76 249
19 77 398
19 78 960
19 79 489
19 80 610
19 81 591
19 82 394
19 83 149
19 84 663
19 85 589
19 86 899
19 87 459
19 88 736
19 89 962
19 90 291
19 91 901
19 92 82
19 93 684
19 94 691
19 95 174
19 96 764
19 97 455
19 98 272
19 99 934
19 100 152
20 21 484
20 22 758
20 23 624
20 24 234
20 25 739
20 26 949
20 27 962
20 28 887
20 29 802
20 30 303
20 31 598
20 32 491
20 33 303
20 34 933
20 35 169
20 36 397
20 37 422
20 38 54
20 39 217
20 40 418
20 41 607
20 42 34
20 43 55
20 44 953
20 45 722
20 46 584
20 47 605
20 48 466
20 49 203
20 50 771
20 51 706
20 52 988
20 53 922
20 54 592
20 55 627
20 56 841
20 57 518
20 58 745
20 59 535
20 60 491
20 61 575
20 62 392
20 63 647
20 64 480
20 65 915
20 66 636
20 67 594
20 68 441
20 69 760
20 70 377
20 71 726
20 72 115
20 73 272
20 74 715
20 75 914
20 76 801
20 77 465
20 78 762
20 79 668
20 80 188
20 81 266
20 82 383
20 83 232
20 84 78
20 85 218
20 86 304
20 87 687
20 88 997
20 89 766
20 90 202
20 91 931
20 92 265
20 93 131
20 94 990
20 95 261
20 96 429
20 97 333
20 98 822
20 99 325
20 100 183
21 22 457
21 23 398
21 24 457
21 25 741
21 26 375
21 27 614
21 28 327
21 29 928
21 30 434
21 31 755
21 32 32
21 33 422
21 34 253
21 35 545
21 36 978
21 37 517
21 38 940
21 39 603
21 40 804
21 41 454
21 42 575
21 43 457
21 44 557
21 45 503
21 46 802
21 47 660
21 48 660
21 49 486
21 50 183
21 51 634
21 52 147
21 53 334
21 54 516
21 55 998
21 56 798
21 57 932
21 58 185
21 59 182
21 60 199
21 61 487
21 62 486
21 63 125
21 64 255
21 65 601
21 66 995
21 67 385
21 68 472
21 69 365
21 70 388
21 71 543
21 72 550
21 73 590
21 74 910
21 75 443
21 76 428
21 77 927
21 78 257
21 79 481
21 80 29
21 81 314
21 82 630
21 83 483
21 84 559
21 85 27
21 86 55
21 87 845
21 88 637
21 89 374
21 90 539
21 91 397
21 92 780
21 93 19
21 94 623
21 95 72
21 96 608
21 97 409
21 98 290
21 99 331
21 100 644
22 23 351
22 24 568
22 25 912
22 26 444
22 27 350
22 28 446
22 29 102
22 30 842
22 31 162
22 32 581
22 33 174
22 34 138
22 35 342
22 36 233
22 37 164
22 38 319
22 39 476
22 40 292
22 41 508
22 42 731
22 43 161
22 44 15
22 45 44
22 46 338
22 47 858
22 48 605
22 49 578
22 50 151
22 51 92
22 52 353
22 53 791
22 54 696
22 55 943
22 56 294
22 57 61
22 58 254
22 59 417
22 60 74
22 61 33
22 62 75
22 63 485
22 64 850
22 65 904
22 66 359
22 67 260
22 68 326
22 69 763
22 70 808
22 71 297
22 72 976
22 73 249
22 74 211
22 75 454
22 76 956
22 77 199
22 78 761
22 79 662
22 80 472
22 81 869
22 82 126
22 83 802
22 84 92
22 85 581
22 86 852
22 87 272
22 88 107
22 89 532
22 90 445
22 91 708
22 92 718
22 93 337
22 94 806
22 95 123
22 96 234
22 97 590
22 98 591
22 99 558
22 100 735
23 24 751
23 25 32
23 26 317
23 27 397
23 28 599
23 29 762
23 30 771
23 31 729
23 32 440
23 33 927
23 34 701
23 35 632
23 36 738
23 37 892
23 38 862
23 39 769
23 40 700
23 41 423
23 42 814
23 43 792
23 44 36
23 45 17
23 46 77
23 47 603
23 48 267
23 49 259
23 50 524
23 51 237
23 52 383
23 53 257
23 54 774
23 55 985
23 56 551
23 57 484
23 58 734
23 59 953
23 60 622
23 61 979
23 62 996
23 63 369
23 64 258
23 65 674
23 66 217
23 67 314
23 68 16
23 69 720
23 70 113
23 71 708
23 72 423
23 73 328
23 74 480
23 75 365
23 76 175
23 77 198
23 78 331
23 79 158
23 80 80
23 81 331
23 82 123
23 83 145
23 84 149
23 85 195
23 86 534
23 87 306
23 88 546
23 89 303
23 90 924
23 91 515
23 92 543
23 93 461
23 94 664
23 95 165
23 96 484
23 97 951
23 98 906
23 99 61
23 100 217
24 25 524
24 26 873
24 27 562
24 28 830
24 29 892
24 30 593
24 31 770
24 32 969
24 33 257
24 34 916
24 35 754
24 36 205
24 37 908
24 38 692
24 39 592
24 40 575
24 41 557
24 42 344
24 43 613
24 44 937
24 45 194
24 46 459
24 47 158
24 48 151
24 49 610
24 50 96
24 51 943
24 52 958
24 53 114
24 54 207
24 55 223
24 56 441
24 57 236
24 58 753
24 59 936
24 60 671
24 61 70
24 62 433
24 63 335
24 64 718
24 65 425
24 66 992
24 67 204
24 68 114
24 69 984
24 70 648
24 71 511
24 72 469
24 73 735
24 74 218
24 75 820
24 76 955
24 77 622
24 78 89
24 79 356
24 80 616
24 81 867
24 82 353
24 83 946
24 84 15
24 85 880
24 86 324
24 87 305
24 88 918
24 89 43
24 90 995
24 91 394
24 92 260
24 93 59
24 94 584
24 95 714
24 96 898
24 97 501
24 98 653
24 99 575
24 100 245
25 26 307
25 27 964
25 28 139
25 29 376
25 30 229
25 31 31
25 32 845
25 33 858
25 34 488
25 35 327
25 36 297
25 37 744
25 38 903
25 39 37
25 40 37
25 41 46
25 42 482
25 43 704
25 44 693
25 45 676
25 46 600
25 47 113
25 48 990
25 49 33
25 50 950
25 51 213
25 52 855
25 53 664
25 54 66
25 55 811
25 56 743
25 57 221
25 58 526
25 59 508
25 60 431
25 61 509
25 62 620
25 63 75
25 64 520
25 65 21
25 66 33
25 67 174
25 68 648
25 69 370
25 70 945
25 71 5
25 72 285
25 73 58
25 74 571
25 75 355
25 76 940
25 77 278
25 78 896
25 79 162
25 80 69
25 81 498
25 82 806
25 83 529
25 84 104
25 85 512
25 86 636
25 87 787
25 88 209
25 89 198
25 90 855
25 91 789
25 92 889
25 93 459
25 94 52
25 95 758
25 96 838
25 97 680
25 98 38
25 99 752
25 100 875
26 27 352
26 28 684
26 29 695
26 30 780
26 31 541
26 32 957
26 33 835
26 34 349
26 35 153
26 36 907
26 37 102
26 38 845
26 39 249
26 40 819
26 41 572
26 42 756
26 43 583
26 44 259
26 45 864
26 46 393
26 47 295
26 48 573
26 49 864
26 50 558
26 51 159
26 52 715
26 53 514
26 54 126
26 55 974
26 56 463
26 57 303
26 58 194
26 59 376
26 60 430
26 61 477
26 62 588
26 63 593
26 64 364
26 65 752
26 66 51
26 67 506
26 68 847
26 69 82
26 70 784
26 71 310
26 72 313
26 73 947
26 74 150
26 75 323
26 76 342
26 77 33
26 78 480
26 79 406
26 80 200
26 81 808
26 82 971
26 83 607
26 84 745
26 85 862
26 86 780
26 87 225
26 88 820
26 89 242
26 90 972
26 91 94
26 92 929
26 93 446
26 94 396
26 95 275
26 96 393
26 97 303
26 98 240
26 99 222
26 100 204
27 28 428
27 29 95
27 30 109
27 31 519
27 32 570
27 33 56
27 34 630
27 35 40
27 36 525
27 37 317
27 38 979
27 39 824
27 40 318
27 41 348
27 42 622
27 43 538
27 44 790
27 45 765
27 46 884
27 47 280
27 48 754
27 49 731
27 50 254
27 51 278
27 52 22
27 53 54
27 54 191
27 55 974
27 56 714
27 57 969
27 58 272
27 59 363
27 60 915
27 61 367
27 62 342
27 63 186
27 64 63
27 65 889
27 66 305
27 67 820
27 68 709
27 69 295
27 70 895
27 71 774
27 72 970
27 73 376
27 74 294
27 75 472
27 76 415
27 77 264
27 78 956
27 79 732
27 80 848
27 81 223
27 82 339
27 83 105
27 84 189
27 85 896
27 86 803
27 87 635
27 88 510
27 89 943
27 90 600
27 91 925
27 92 605
27 93 138
27 94 791
27 95 623
27 96 792
27 97 204
27 98 765
27 99 462
27 100 214
28 29 709
28 30 479
28 31 492
28 32 521
28 33 849
28 34 274
28 35 304
28 36 202
28 37 281
28 38 669
28 39 561
28 40 999
28 41 282
28 42 537
28 43 483
28 44 155
28 45 194
28 46 766
28 47 782
28 48 636
28 49 530
28 50 167
28 51 615
28 52 764
28 53 673
28 54 329
28 55 273
28 56 262
28 57 857
28 58 999
28 59 575
28 60 135
28 61 282
28 62 428
28 63 578
28 64 567
28 65 116
28 66 265
28 67 611
28 68 223
28 69 30
28 70 600
28 71 731
28 72 954
28 73 580
28 74 167
28 75 257
28 76 118
28 77 255
28 78 599
28 79 914
28 80 171
28 81 722
28 82 203
28 83 755
28 84 168
28 85 509
28 86 550
28 87 260
28 88 460
28 89 947
28 90 517
28 91 221
28 92 554
28 93 928
28 94 132
28 95 692
28 96 831
28 97 130
28 98 976
28 99 223
28 100 54
29 30 832
29 31 197
29 32 779
29 33 708
29 34 36
29 35 397
29 36 799
29 37 581
29 38 837
29 39 66
29 40 345
29 41 375
29 42 682
29 43 745
29 44 515
29 45 327
29 46 206
29 47 764
29 48 603
29 49 58
29 50 690
29 51 567
29 52 322
29 53 239
29 54 410
29 55 182
29 56 918
29 57 602
29 58 205
29 59 299
29 60 174
29 61 277
29 62 337
29 63 280
29 64 170
29 65 60
29 66 786
29 67 188
29 68 560
29 69 1
29 70 442
29 71 370
29 72 646
29 73 918
29 74 67
29 75 424
29 76 732
29 77 692
29 78 225
29 79 620
29 80 479
29 81 499
29 82 949
29 83 737
29 84 17
29 85 430
29 86 261
29 87 570
29 88 598
29 89 687
29 90 53
29 91 776
29 92 75
29 93 25
29 94 389
29 95 125
29 96 222
29 97 617
29 98 174
29 99 362
29 100 404
30 31 308
30 32 452
30 33 936
30 34 78
30 35 112
30 36 938
30 37 947
30 38 86
30 39 640
30 40 732
30 41 244
30 42 664
30 43 239
30 44 445
30 45 583
30 46 370
30 47 873
30 48 575
30 49 501
30 50 81
30 51 913
30 52 338
30 53 549
30 54 798
30 55 55
30 56 96
30 57 533
30 58 324
30 59 394
30 60 587
30 61 855
30 62 38
30 63 381
30 64 89
30 65 473
30 66 37
30 67 678
30 68 93
30 69 396
30 70 730
30 71 904
30 72 353
30 73 226
30 74 138
30 75 703
30 76 900
30 77 365
30 78 68
30 79 524
30 80 780
30 81 932
30 82 814
30 83 676
30 84 709
30 85 250
30 86 652
30 87 730
30 88 702
30 89 64
30 90 344
30 91 595
30 92 247
30 93 740
30 94 978
30 95 358
30 96 260
30 97 706
30 98 963
30 99 438
30 100 527
31 32 890
31 33 612
31 34 689
31 35 902
31 36 491
31 37 909
31 38 315
31 39 111
31 40 108
31 41 160
31 42 617
31 43 604
31 44 419
31 45 801
31 46 390
31 47 156
31 48 564
31 49 508
31 50 324
31 51 378
31 52 365
31 53 328
31 54 3
31 55 85
31 56 14
31 57 194
31 58 469
31 59 213
31 60 594
31 61 412
31 62 935
31 63 969
31 64 952
31 65 526
31 66 967
31 67 798
31 68 57
31 69 814
31 70 560
31 71 865
31 72 550
31 73 486
31 74 831
31 75 415
31 76 291
31 77 489
31 78 798
31 79 940
31 80 752
31 81 627
31 82 934
31 83 944
31 84 365
31 85 993
31 86 649
31 87 107
31 88 418
31 89 725
31 90 557
31 91 65
31 92 438
31 93 467
31 94 806
31 95 258
31 96 673
31 97 463
31 98 108
31 99 805
31 100 362
32 33 491
32 34 986
32 35 276
32 36 672
32 37 252
32 38 784
32 39 119
32 40 932
32 41 710
32 42 883
32 43 714
32 44 934
32 45 392
32 46 755
32 47 958
32 48 629
32 49 765
32 50 882
32 51 677
32 52 90
32 53 217
32 54 174
32 55 292
32 56 889
32 57 102
32 58 916
32 59 83
32 60 72
32 61 618
32 62 812
32 63 504
32 64 621
32 65 913
32 66 911
32 67 671
32 68 390
32 69 146
32 70 873
32 71 220
32 72 249
32 73 8
32 74 872
32 75 831
32 76 393
32 77 351
32 78 186
32 79 842
32 80 887
32 81 939
32 82 138
32 83 400
32 84 412
32 85 764
32 86 548
32 87 377
32 88 597
32 89 958
32 90 395
32 91 711
32 92 802
32 93 153
32 94 978
32 95 495
32 96 229
32 97 773
32 98 448
32 99 589
32 100 427
33 34 336
33 35 553
33 36 65
33 37 856
33 38 42
33 39 796
33 40 836
33 41 166
33 42 942
33 43 844
33 44 835
33 45 69
33 46 114
33 47 963
33 48 292
33 49 316
33 50 59
33 51 808
33 52 156
33 53 350
33 54 644
33 55 552
33 56 576
33 57 782
33 58 272
33 59 95
33 60 943
33 61 425
33 62 317
33 63 20
33 64 360
33 65 661
33 66 786
33 67 38
33 68 858
33 69 452
33 70 579
33 71 437
33 72 869
33 73 528
33 74 861
33 75 195
33 76 794
33 77 939
33 78 232
33 79 141
33 80 158
33 81 59
33 82 4
33 83 842
33 84 214
33 85 285
33 86 27
33 87 558
33 88 780
33 89 829
33 90 227
33 91 896
33 92 320
33 93 576
33 94 911
33 95 649
33 96 914
33 97 69
33 98 295
33 99 702
33 100 235
34 35 719
34 36 557
34 37 163
34 38 643
34 39 463
34 40 483
34 41 735
34 42 805
34 43 619
34 44 956
34 45 865
34 46 878
34 47 110
34 48 701
34 49 699
34 50 324
34 51 631
34 52 420
34 53 892
34 54 143
34 55 30
34 56 950
34 57 902
34 58 308
34 59 353
34 60 815
34 61 582
34 62 67
34 63 553
34 64 472
34 65 876
34 66 660
34 67 321
34 68 853
34 69 156
34 70 380
34 71 29
34 72 103
34 73 430
34 74 921
34 75 502
34 76 269
34 77 938
34 78 855
34 79 797
34 80 342
34 81 750
34 82 48
34 83 642
34 84 966
34 85 364
34 86 383
34 87 993
34 88 277
34 89 422
34 90 123
34 91 963
34 92 68
34 93 881
34 94 589
34 95 437
34 96 431
34 97 892
34 98 477
34 99 659
34 100 562
35 36 880
35 37 275
35 38 974
35 39 780
35 40 811
35 41 196
35 42 614
35 43 976
35 44 927
35 45 869
35 46 740
35 47 589
35 48 3
35 49 483
35 50 68
35 51 874
35 52 408
35 53 423
35 54 413
35 55 429
35 56 18
35 57 520
35 58 268
35 59 870
35 60 979
35 61 647
35 62 344
35 63 359
35 64 971
35 65 283
35 66 268
35 67 964
35 68 670
35 69 757
35 70 581
35 71 849
35 72 423
35 73 455
35 74 512
35 75 762
35 76 817
35 77 333
35 78 845
35 79 506
35 80 536
35 81 830
35 82 89
35 83 421
35 84 948
35 85 797
35 86 58
35 87 918
35 88 358
35 89 649
35 90 547
35 91 132
35 92 81
35 93 878
35 94 26
35 95 82
35 96 453
35 97 265
35 98 286
35 99 4
35 100 752
36 37 611
36 38 712
36 39 553
36 40 523
36 41 337
36 42 279
36 43 774
36 44 355
36 45 289
36 46 59
36 47 252
36 48 177
36 49 367
36 50 448
36 51 557
36 52 959
36 53 784
36 54 306
36 55 876
36 56 443
36 57 577
36 58 166
36 59 707
36 60 66
36 61 554
36 62 132
36 63 991
36 64 377
36 65 266
36 66 651
36 67 780
36 68 465
36 69 574
36 70 137
36 71 5
36 72 886
36 73 327
36 74 591
36 75 283
36 76 130
36 77 522
36 78 414
36 79 65
36 80 727
36 81 480
36 82 93
36 83 639
36 84 104
36 85 169
36 86 905
36 87 4
36 88 867
36 89 328
36 90 85
36 91 504
36 92 207
36 93 733
36 94 175
36 95 599
36 96 192
36 97 75
36 98 293
36 99 255
36 100 892
37 38 468
37 39 227
37 40 759
37 41 155
37 42 563
37 43 314
37 44 561
37 45 766
37 46 753
37 47 530
37 48 189
37 49 698
37 50 71
37 51 458
37 52 764
37 53 175
37 54 848
37 55 302
37 56 108
37 57 777
37 58 475
37 59 754
37 60 37
37 61 157
37 62 558
37 63 854
37 64 140
37 65 980
37 66 128
37 67 511
37 68 639
37 69 992
37 70 27
37 71 897
37 72 346
37 73 17
37 74 211
37 75 385
37 76 890
37 77 103
37 78 974
37 79 67
37 80 795
37 81 427
37 82 632
37 83 114
37 84 787
37 85 386
37 86 15
37 87 867
37 88 806
37 89 215
37 90 396
37 91 462
37 92 182
37 93 392
37 94 686
37 95 791
37 96 810
37 97 8
37 98 470
37 99 594
37 100 937
38 39 173
38 40 45
38 41 186
38 42 507
38 43 15
38 44 71
38 45 39
38 46 420
38 47 937
38 48 143
38 49 660
38 50 248
38 51 671
38 52 81
38 53 435
38 54 133
38 55 46
38 56 149
38 57 938
38 58 999
38 59 858
38 60 124
38 61 164
38 62 349
38 63 386
38 64 370
38 65 813
38 66 211
38 67 500
38 68 487
38 69 411
38 70 778
38 71 999
38 72 837
38 73 941
38 74 47
38 75 887
38 76 51
38 77 360
38 78 698
38 79 940
38 80 591
38 81 694
38 82 52
38 83 880
38 84 710
38 85 642
38 86 359
38 87 920
38 88 762
38 89 877
38 90 389
38 91 223
38 92 633
38 93 888
38 94 311
38 95 367
38 96 758
38 97 441
38 98 932
38 99 28
38 100 639
39 40 337
39 41 574
39 42 320
39 43 725
39 44 121
39 45 735
39 46 881
39 47 489
39 48 827
39 49 788
39 50 971
39 51 776
39 52 711
39 53 844
39 54 924
39 55 792
39 56 198
39 57 846
39 58 590
39 59 661
39 60 803
39 61 120
39 62 598
39 63 158
39 64 472
39 65 428
39 66 447
39 67 659
39 68 403
39 69 481
39 70 468
39 71 925
39 72 506
39 73 857
39 74 614
39 75 314
39 76 552
39 77 798
39 78 652
39 79 817
39 80 339
39 81 366
39 82 201
39 83 767
39 84 814
39 85 999
39 86 114
39 87 590
39 88 808
39 89 95
39 90 745
39 91 757
39 92 412
39 93 276
39 94 483
39 95 439
39 96 88
39 97 903
39 98 465
39 99 373
39 100 614
40 41 518
40 42 621
40 43 777
40 44 286
40 45 613
40 46 256
40 47 765
40 48 194
40 49 684
40 50 5
40 51 967
40 52 278
40 53 320
40 54 233
40 55 774
40 56 333
40 57 795
40 58 330
40 59 992
40 60 258
40 61 836
40 62 733
40 63 914
40 64 712
40 65 582
40 66 992
40 67 646
40 68 84
40 69 226
40 70 643
40 71 541
40 72 649
40 73 477
40 74 402
40 75 910
40 76 796
40 77 256
40 78 721
40 79 86
40 80 591
40 81 811
40 82 356
40 83 341
40 84 39
40 85 488
40 86 802
40 87 443
40 88 213
40 89 761
40 90 729
40 91 344
40 92 235
40 93 823
40 94 425
40 95 870
40 96 115
40 97 469
40 98 915
40 99 531
40 100 586
41 42 678
41 43 570
41 44 471
41 45 966
41 46 9
41 47 310
41 48 203
41 49 573
41 50 805
41 51 775
41 52 339
41 53 199
41 54 283
41 55 322
41 56 554
41 57 641
41 58 419
41 59 893
41 60 220
41 61 422
41 62 6
41 63 67
41 64 578
41 65 11
41 66 362
41 67 460
41 68 624
41 69 212
41 70 902
41 71 464
41 72 329
41 73 881
41 74 749
41 75 669
41 76 4
41 77 35
41 78 123
41 79 253
41 80 387
41 81 844
41 82 741
41 83 432
41 84 803
41 85 241
41 86 45
41 87 248
41 88 45
41 89 863
41 90 129
41 91 115
41 92 310
41 93 879
41 94 824
41 95 337
41 96 565
41 97 129
41 98 902
41 99 244
41 100 584
42 43 104
42 44 968
42 45 75
42 46 730
42 47 843
42 48 244
42 49 107
42 50 742
42 51 588
42 52 213
42 53 304
42 54 570
42 55 843
42 56 111
42 57 505
42 58 49
42 59 971
42 60 891
42 61 828
42 62 489
42 63 223
42 64 975
42 65 824
42 66 168
42 67 583
42 68 704
42 69 221
42 70 946
42 71 70
42 72 729
42 73 636
42 74 738
42 75 772
42 76 995
42 77 102
42 78 333
42 79 127
42 80 851
42 81 888
42 82 696
42 83 354
42 84 613
42 85 576
42 86 115
42 87 641
42 88 913
42 89 23
42 90 635
42 91 454
42 92 187
42 93 430
42 94 970
42 95 729
42 96 750
42 97 413
42 98 222
42 99 229
42 100 823
43 44 776
43 45 577
43 46 110
43 47 951
43 48 56
43 49 917
43 50 312
43 51 633
43 52 957
43 53 532
43 54 434
43 55 463
43 56 47
43 57 427
43 58 180
43 59 156
43 60 577
43 61 676
43 62 710
43 63 396
43 64 670
43 65 781
43 66 139
43 67 750
43 68 346
43 69 938
43 70 679
43 71 323
43 72 193
43 73 255
43 74 323
43 75 872
43 76 993
43 77 149
43 78 944
43 79 957
43 80 378
43 81 895
43 82 100
43 83 759
43 84 52
43 85 324
43 86 284
43 87 237
43 88 662
43 89 206
43 90 688
43 91 511
43 92 371
43 93 442
43 94 827
43 95 275
43 96 382
43 97 75
43 98 976
43 99 208
43 100 652
44 45 266
44 46 68
44 47 407
44 48 832
44 49 400
44 50 404
44 51 222
44 52 657
44 53 787
44 54 491
44 55 235
44 56 545
44 57 506
44 58 678
44 59 883
44 60 859
44 61 518
44 62 724
44 63 9
44 64 230
44 65 193
44 66 925
44 67 20
44 68 966
44 69 926
44 70 213
44 71 83
44 72 725
44 73 679
44 74 123
44 75 372
44 76 345
44 77 889
44 78 508
44 79 391
44 80 560
44 81 824
44 82 130
44 83 674
44 84 241
44 85 159
44 86 264
44 87 478
44 88 971
44 89 425
44 90 605
44 91 120
44 92 590
44 93 249
44 94 94
44 95 323
44 96 665
44 97 329
44 98 137
44 99 740
44 100 372
45 46 658
45 47 402
45 48 623
45 49 316
45 50 745
45 51 91
45 52 725
45 53 887
45 54 686
45 55 732
45 56 496
45 57 111
45 58 243
45 59 673
45 60 442
45 61 199
45 62 316
45 63 935
45 64 503
45 65 452
45 66 696
45 67 707
45 68 565
45 69 551
45 70 145
45 71 287
45 72 83
45 73 536
45 74 891
45 75 76
45 76 551
45 77 395
45 78 244
45 79 906
45 80 492
45 81 851
45 82 937
45 83 587
45 84 21
45 85 374
45 86 547
45 87 341
45 88 871
45 89 794
45 90 789
45 91 73
45 92 378
45 93 874
45 94 246
45 95 729
45 96 766
45 97 901
45 98 254
45 99 296
45 100 527
46 47 740
46 48 75
46 49 178
46 50 578
46 51 44
46 52 431
46 53 363
46 54 481
46 55 512
46 56 871
46 57 845
46 58 218
46 59 897
46 60 544
46 61 311
46 62 849
46 63 278
46 64 343
46 65 899
46 66 921
46 67 704
46 68 268
46 69 558
46 70 902
46 71 928
46 72 184
46 73 644
46 74 146
46 75 54
46 76 533
46 77 473
46 78 523
46 79 386
46 80 3
46 81 32
46 82 981
46 83 341
46 84 373
46 85 405
46 86 442
46 87 414
46 88 244
46 89 643
46 90 761
46 91 520
46 92 877
46 93 75
46 94 384
46 95 480
46 96 287
46 97 235
46 98 602
46 99 779
46 100 928
47 48 149
47 49 749
47 50 772
47 51 777
47 52 400
47 53 567
47 54 640
47 55 112
47 56 253
47 57 894
47 58 473
47 59 142
47 60 762
47 61 597
47 62 13
47 63 569
47 64 374
47 65 366
47 66 716
47 67 95
47 68 509
47 69 877
47 70 445
47 71 561
47 72 371
47 73 262
47 74 127
47 75 919
47 76 647
47 77 636
47 78 358
47 79 766
47 80 959
47 81 169
47 82 206
47 83 5
47 84 964
47 85 120
47 86 850
47 87 755
47 88 541
47 89 981
47 90 657
47 91 425
47 92 610
47 93 238
47 94 428
47 95 893
47 96 797
47 97 704
47 98 152
47 99 864
47 100 397
48 49 536
48 50 967
48 51 691
48 52 584
48 53 773
48 54 690
48 55 29
48 56 502
48 57 993
48 58 697
48 59 618
48 60 920
48 61 705
48 62 110
48 63 868
48 64 604
48 65 827
48 66 793
48 67 804
48 68 708
48 69 321
48 70 456
48 71 30
48 72 768
48 73 621
48 74 438
48 75 555
48 76 890
48 77 882
48 78 885
48 79 314
48 80 338
48 81 841
48 82 667
48 83 614
48 84 147
48 85 672
48 86 54
48 87 377
48 88 767
48 89 47
48 90 947
48 91 471
48 92 850
48 93 822
48 94 451
48 95 608
48 96 924
48 97 888
48 98 365
48 99 702
48 100 686
49 50 461
49 51 362
49 52 73
49 53 789
49 54 830
49 55 745
49 56 879
49 57 877
49 58 627
49 59 190
49 60 338
49 61 238
49 62 117
49 63 864
49 64 378
49 65 578
49 66 502
49 67 875
49 68 279
49 69 444
49 70 710
49 71 378
49 72 525
49 73 586
49 74 196
49 75 268
49 76 924
49 77 176
49 78 462
49 79 915
49 80 688
49 81 530
49 82 564
49 83 197
49 84 3
49 85 483
49 86 714
49 87 862
49 88 162
49 89 659
49 90 52
49 91 646
49 92 446
49 93 428
49 94 856
49 95 37
49 96 34
49 97 446
49 98 209
49 99 139
49 100 302
50 51 405
50 52 711
50 53 751
50 54 968
50 55 982
50 56 199
50 57 743
50 58 450
50 59 380
50 60 372
50 61 757
50 62 889
50 63 915
50 64 804
50 65 971
50 66 924
50 67 494
50 68 354
50 69 257
50 70 595
50 71 373
50 72 49
50 73 320
50 74 947
50 75 706
50 76 179
50 77 953
50 78 759
50 79 437
50 80 165
50 81 409
50 82 245
50 83 713
50 84 699
50 85 436
50 86 16
50 87 891
50 88 448
50 89 173
50 90 278
50 91 977
50 92 396
50 93 20
50 94 12
50 95 845
50 96 570
50 97 290
50 98 615
50 99 616
50 100 781
51 52 945
51 53 779
51 54 715
51 55 994
51 56 689
51 57 310
51 58 664
51 59 346
51 60 21
51 61 569
51 62 417
51 63 7
51 64 846
51 65 851
51 66 467
51 67 561
51 68 324
51 69 179
51 70 918
51 71 139
51 72 801
51 73 210
51 74 332
51 75 886
51 76 338
51 77 371
51 78 880
51 79 367
51 80 551
51 81 771
51 82 818
51 83 848
51 84 908
51 85 687
51 86 955
51 87 57
51 88 34
51 89 130
51 90 892
51 91 390
51 92 804
51 93 479
51 94 455
51 95 19
51 96 740
51 97 277
51 98 132
51 99 487
51 100 966
52 53 904
52 54 415
52 55 945
52 56 411
52 57 801
52 58 829
52 59 989
52 60 934
52 61 248
52 62 327
52 63 417
52 64 431
52 65 948
52 66 891
52 67 177
52 68 987
52 69 720
52 70 607
52 71 89
52 72 187
52 73 160
52 74 51
52 75 707
52 76 773
52 77 564
52 78 547
52 79 405
52 80 239
52 81 617
52 82 656
52 83 45
52 84 566
52 85 19
52 86 248
52 87 534
52 88 331
52 89 261
52 90 200
52 91 559
52 92 795
52 93 919
52 94 286
52 95 723
52 96 688
52 97 446
52 98 170
52 99 98
52 100 961
53 54 829
53 55 954
53 56 161
53 57 780
53 58 447
53 59 977
53 60 727
53 61 351
53 62 332
53 63 161
53 64 767
53 65 468
53 66 542
53 67 414
53 68 36
53 69 537
53 70 315
53 71 838
53 72 813
53 73 244
53 74 851
53 75 194
53 76 814
53 77 91
53 78 91
53 79 38
53 80 118
53 81 536
53 82 276
53 83 84
53 84 488
53 85 420
53 86 445
53 87 515
53 88 156
53 89 74
53 90 302
53 91 824
53 92 101
53 93 974
53 94 872
53 95 260
53 96 322
53 97 448
53 98 267
53 99 52
53 100 49
54 55 177
54 56 814
54 57 721
54 58 624
54 59 237
54 60 941
54 61 668
54 62 99
54 63 715
54 64 772
54 65 959
54 66 472
54 67 633
54 68 161
54 69 438
54 70 597
54 71 133
54 72 610
54 73 47
54 74 731
54 75 852
54 76 223
54 77 530
54 78 132
54 79 746
54 80 655
54 81 910
54 82 375
54 83 81
54 84 571
54 85 141
54 86 294
54 87 580
54 88 52
54 89 934
54 90 552
54 91 224
54 92 293
54 93 825
54 94 926
54 95 796
54 96 491
54 97 725
54 98 293
54 99 700
54 100 751
55 56 492
55 57 361
55 58 998
55 59 812
55 60 904
55 61 174
55 62 405
55 63 305
55 64 147
55 65 868
55 66 215
55 67 797
55 68 681
55 69 775
55 70 246
55 71 450
55 72 104
55 73 298
55 74 410
55 75 324
55 76 542
55 77 301
55 78 407
55 79 163
55 80 346
55 81 21
55 82 958
55 83 26
55 84 289
55 85 138
55 86 880
55 87 507
55 88 594
55 89 230
55 90 663
55 91 614
55 92 258
55 93 851
55 94 374
55 95 945
55 96 900
55 97 953
55 98 462
55 99 964
55 100 73
56 57 505
56 58 476
56 59 220
56 60 220
56 61 657
56 62 471
56 63 947
56 64 538
56 65 266
56 66 93
56 67 370
56 68 279
56 69 647
56 70 864
56 71 676
56 72 301
56 73 237
56 74 613
56 75 281
56 76 600
56 77 866
56 78 511
56 79 18
56 80 383
56 81 293
56 82 479
56 83 32
56 84 206
56 85 466
56 86 737
56 87 781
56 88 334
56 89 908
56 90 822
56 91 154
56 92 664
56 93 109
56 94 624
56 95 93
56 96 793
56 97 499
56 98 716
56 99 58
56 100 440
57 58 820
57 59 687
57 60 254
57 61 486
57 62 505
57 63 116
57 64 430
57 65 638
57 66 448
57 67 362
57 68 234
57 69 554
57 70 384
57 71 270
57 72 937
57 73 773
57 74 659
57 75 518
57 76 654
57 77 538
57 78 344
57 79 886
57 80 670
57 81 833
57 82 787
57 83 457
57 84 808
57 85 701
57 86 364
57 87 109
57 88 887
57 89 318
57 90 103
57 91 910
57 92 885
57 93 280
57 94 319
57 95 357
57 96 649
57 97 961
57 98 239
57 99 815
57 100 818
58 59 350
58 60 141
58 61 127
58 62 848
58 63 267
58 64 695
58 65 694
58 66 182
58 67 949
58 68 597
58 69 815
58 70 303
58 71 160
58 72 276
58 73 209
58 74 67
58 75 638
58 76 444
58 77 386
58 78 249
58 79 502
58 80 684
58 81 340
58 82 56
58 83 453
58 84 347
58 85 863
58 86 659
58 87 7
58 88 905
58 89 766
58 90 879
58 91 124
58 92 608
58 93 701
58 94 174
58 95 58
58 96 882
58 97 451
58 98 419
58 99 660
58 100 104
59 60 232
59 61 190
59 62 846
59 63 656
59 64 173
59 65 809
59 66 829
59 67 426
59 68 40
59 69 221
59 70 676
59 71 231
59 72 858
59 73 693
59 74 990
59 75 848
59 76 669
59 77 117
59 78 258
59 79 584
59 80 252
59 81 236
59 82 232
59 83 693
59 84 235
59 85 857
59 86 949
59 87 767
59 88 549
59 89 728
59 90 488
59 91 917
59 92 189
59 93 210
59 94 66
59 95 815
59 96 189
59 97 380
59 98 508
59 99 516
59 100 39
60 61 198
60 62 291
60 63 246
60 64 668
60 65 281
60 66 920
60 67 376
60 68 457
60 69 329
60 70 453
60 71 423
60 72 966
60 73 60
60 74 162
60 75 656
60 76 654
60 77 493
60 78 462
60 79 506
60 80 916
60 81 699
60 82 590
60 83 758
60 84 69
60 85 2
60 86 443
60 87 169
60 88 2
60 89 556
60 90 578
60 91 844
60 92 240
60 93 52
60 94 193
60 95 615
60 96 848
60 97 871
60 98 288
60 99 13
60 100 508
61 62 951
61 63 720
61 64 968
61 65 35
61 66 851
61 67 283
61 68 599
61 69 892
61 70 926
61 71 601
61 72 313
61 73 954
61 74 379
61 75 345
61 76 846
61 77 213
61 78 867
61 79 419
61 80 131
61 81 31
61 82 145
61 83 171
61 84 87
61 85 977
61 86 23
61 87 211
61 88 406
61 89 308
61 90 368
61 91 344
61 92 801
61 93 524
61 94 342
61 95 738
61 96 921
61 97 508
61 98 872
61 99 251
61 100 522
62 63 161
62 64 292
62 65 642
62 66 356
62 67 790
62 68 929
62 69 791
62 70 515
62 71 2
62 72 88
62 73 980
62 74 927
62 75 143
62 76 589
62 77 954
62 78 418
62 79 533
62 80 900
62 81 638
62 82 541
62 83 513
62 84 58
62 85 892
62 86 833
62 87 210
62 88 637
62 89 197
62 90 341
62 91 21
62 92 460
62 93 394
62 94 777
62 95 377
62 96 453
62 97 232
62 98 86
62 99 585
62 100 818
63 64 909
63 65 640
63 66 363
63 67 834
63 68 714
63 69 24
63 70 437
63 71 410
63 72 564
63 73 603
63 74 285
63 75 91
63 76 692
63 77 395
63 78 168
63 79 135
63 80 687
63 81 621
63 82 214
63 83 197
63 84 377
63 85 841
63 86 126
63 87 937
63 88 918
63 89 189
63 90 862
63 91 981
63 92 156
63 93 844
63 94 780
63 95 609
63 96 923
63 97 119
63 98 634
63 99 10
63 100 20
64 65 321
64 66 19
64 67 100
64 68 300
64 69 40
64 70 480
64 71 17
64 72 915
64 73 315
64 74 746
64 75 289
64 76 447
64 77 470
64 78 405
64 79 125
64 80 533
64 81 63
64 82 219
64 83 786
64 84 963
64 85 757
64 86 868
64 87 240
64 88 12
64 89 158
64 90 5
64 91 288
64 92 151
64 93 949
64 94 845
64 95 175
64 96 933
64 97 716
64 98 269
64 99 103
64 100 138
65 66 967
65 67 742
65 68 190
65 69 447
65 70 536
65 71 473
65 72 266
65 73 593
65 74 159
65 75 922
65 76 753
65 77 718
65 78 644
65 79 525
65 80 938
65 81 276
65 82 947
65 83 527
65 84 265
65 85 991
65 86 503
65 87 884
65 88 801
65 89 105
65 90 348
65 91 81
65 92 516
65 93 676
65 94 320
65 95 668
65 96 847
65 97 924
65 98 290
65 99 948
65 100 274
66 67 271
66 68 118
66 69 799
66 70 660
66 71 665
66 72 511
66 73 776
66 74 368
66 75 511
66 76 942
66 77 932
66 78 442
66 79 16
66 80 8
66 81 72
66 82 622
66 83 363
66 84 342
66 85 428
66 86 661
66 87 302
66 88 533
66 89 585
66 90 991
66 91 832
66 92 900
66 93 808
66 94 799
66 95 182
66 96 45
66 97 271
66 98 628
66 99 265
66 100 675
67 68 769
67 69 713
67 70 550
67 71 181
67 72 85
67 73 230
67 74 826
67 75 384
67 76 234
67 77 751
67 78 797
67 79 652
67 80 487
67 81 443
67 82 175
67 83 24
67 84 294
67 85 922
67 86 480
67 87 8
67 88 411
67 89 478
67 90 842
67 91 286
67 92 620
67 93 718
67 94 107
67 95 750
67 96 934
67 97 188
67 98 464
67 99 130
67 100 945
68 69 929
68 70 66
68 71 305
68 72 482
68 73 332
68 74 260
68 75 526
68 76 980
68 77 397
68 78 231
68 79 986
68 80 929
68 81 87
68 82 702
68 83 259
68 84 165
68 85 901
68 86 706
68 87 803
68 88 172
68 89 168
68 90 793
68 91 402
68 92 855
68 93 597
68 94 391
68 95 235
68 96 690
68 97 929
68 98 761
68 99 361
68 100 198
69 70 470
69 71 72
69 72 831
69 73 190
69 74 604
69 75 864
69 76 240
69 77 604
69 78 810
69 79 389
69 80 253
69 81 534
69 82 729
69 83 725
69 84 449
69 85 907
69 86 605
69 87 955
69 88 672
69 89 547
69 90 485
69 91 601
69 92 458
69 93 756
69 94 903
69 95 325
69 96 800
69 97 110
69 98 95
69 99 36
69 100 702
70 71 317
70 72 869
70 73 976
70 74 369
70 75 741
70 76 858
70 77 902
70 78 421
70 79 75
70 80 356
70 81 452
70 82 74
70 83 203
70 84 779
70 85 842
70 86 61
70 87 421
70 88 205
70 89 498
70 90 945
70 91 29
70 92 766
70 93 668
70 94 66
70 95 707
70 96 265
70 97 389
70 98 603
70 99 588
70 100 985
71 72 68
71 73 767
71 74 473
71 75 944
71 76 404
71 77 990
71 78 214
71 79 213
71 80 738
71 81 461
71 82 987
71 83 664
71 84 411
71 85 235
71 86 149
71 87 102
71 88 639
71 89 678
71 90 261
71 91 430
71 92 616
71 93 569
71 94 119
71 95 355
71 96 263
71 97 397
71 98 54
71 99 161
71 100 92
72 73 688
72 74 232
72 75 146
72 76 956
72 77 309
72 78 613
72 79 887
72 80 310
72 81 606
72 82 835
72 83 764
72 84 904
72 85 332
72 86 159
72 87 566
72 88 620
72 89 959
72 90 230
72 91 518
72 92 175
72 93 439
72 94 953
72 95 174
72 96 724
72 97 86
72 98 984
72 99 653
72 100 812
73 74 483
73 75 199
73 76 159
73 77 721
73 78 966
73 79 966
73 80 426
73 81 493
73 82 453
73 83 539
73 84 783
73 85 184
73 86 534
73 87 55
73 88 402
73 89 986
73 90 808
73 91 465
73 92 165
73 93 663
73 94 178
73 95 544
73 96 158
73 97 551
73 98 979
73 99 475
73 100 103
74 75 756
74 76 736
74 77 309
74 78 475
74 79 387
74 80 51
74 81 888
74 82 684
74 83 570
74 84 952
74 85 455
74 86 670
74 87 710
74 88 141
74 89 917
74 90 998
74 91 18
74 92 477
74 93 97
74 94 596
74 95 887
74 96 169
74 97 697
74 98 947
74 99 139
74 100 381
75 76 465
75 77 569
75 78 244
75 79 925
75 80 31
75 81 49
75 82 477
75 83 61
75 84 241
75 85 570
75 86 365
75 87 136
75 88 918
75 89 157
75 90 541
75 91 530
75 92 281
75 93 562
75 94 55
75 95 693
75 96 634
75 97 242
75 98 618
75 99 117
75 100 77
76 77 149
76 78 169
76 79 502
76 80 520
76 81 648
76 82 492
76 83 666
76 84 198
76 85 377
76 86 783
76 87 778
76 88 241
76 89 234
76 90 135
76 91 660
76 92 416
76 93 492
76 94 436
76 95 495
76 96 160
76 97 866
76 98 210
76 99 200
76 100 462
77 78 487
77 79 361
77 80 53
77 81 444
77 82 975
77 83 294
77 84 160
77 85 982
77 86 180
77 87 805
77 88 180
77 89 580
77 90 302
77 91 92
77 92 147
77 93 457
77 94 755
77 95 610
77 96 385
77 97 2
77 98 11
77 99 457
77 100 259
78 79 620
78 80 328
78 81 260
78 82 198
78 83 809
78 84 876
78 85 47
78 86 970
78 87 1
78 88 946
78 89 53
78 90 525
78 91 336
78 92 255
78 93 722
78 94 874
78 95 57
78 96 191
78 97 202
78 98 231
78 99 178
78 100 370
79 80 551
79 81 443
79 82 804
79 83 564
79 84 520
79 85 549
79 86 214
79 87 213
79 88 517
79 89 687
79 90 539
79 91 169
79 92 547
79 93 474
79 94 322
79 95 451
79 96 701
79 97 201
79 98 889
79 99 330
79 100 465
80 81 3
80 82 52
80 83 347
80 84 813
80 85 414
80 86 560
80 87 312
80 88 507
80 89 766
80 90 711
80 91 426
80 92 510
80 93 311
80 94 584
80 95 428
80 96 5
80 97 323
80 98 752
80 99 830
80 100 95
81 82 948
81 83 19
81 84 810
81 85 991
81 86 875
81 87 828
81 88 739
81 89 593
81 90 936
81 91 307
81 92 85
81 93 84
81 94 871
81 95 286
81 96 22
81 97 379
81 98 454
81 99 547
81 100 59
82 83 445
82 84 958
82 85 207
82 86 383
82 87 268
82 88 431
82 89 580
82 90 506
82 91 681
82 92 461
82 93 367
82 94 955
82 95 823
82 96 907
82 97 884
82 98 199
82 99 115
82 100 831
83 84 304
83 85 559
83 86 528
83 87 954
83 88 736
83 89 816
83 90 178
83 91 427
83 92 79
83 93 12
83 94 715
83 95 416
83 96 398
83 97 289
83 98 559
83 99 943
83 100 797
84 85 373
84 86 105
84 87 562
84 88 693
84 89 448
84 90 224
84 91 843
84 92 558
84 93 324
84 94 72
84 95 35
84 96 74
84 97 942
84 98 524
84 99 811
84 100 1
85 86 19
85 87 154
85 88 37
85 89 368
85 90 490
85 91 166
85 92 657
85 93 663
85 94 151
85 95 717
85 96 852
85 97 582
85 98 585
85 99 748
85 100 310
86 87 771
86 88 549
86 89 461
86 90 843
86 91 941
86 92 598
86 93 929
86 94 354
86 95 666
86 96 414
86 97 886
86 98 190
86 99 396
86 100 508
87 88 540
87 89 996
87 90 420
87 91 118
87 92 738
87 93 303
87 94 80
87 95 293
87 96 825
87 97 716
87 98 109
87 99 551
87 100 771
88 89 892
88 90 831
88 91 247
88 92 329
88 93 58
88 94 550
88 95 309
88 96 964
88 97 122
88 98 906
88 99 542
88 100 541
89 90 413
89 91 228
89 92 625
89 93 759
89 94 50
89 95 467
89 96 983
89 97 983
89 98 971
89 99 526
89 100 616
90 91 17
90 92 632
90 93 17
90 94 267
90 95 185
90 96 946
90 97 775
90 98 316
90 99 557
90 100 822
91 92 508
91 93 922
91 94 799
91 95 636
91 96 148
91 97 96
91 98 82
91 99 322
91 100 414
92 93 143
92 94 563
92 95 905
92 96 922
92 97 750
92 98 985
92 99 713
92 100 446
93 94 98
93 95 850
93 96 198
93 97 382
93 98 69
93 99 451
93 100 624
94 95 271
94 96 32
94 97 197
94 98 255
94 99 148
94 100 65
95 96 310
95 97 852
95 98 766
95 99 613
95 100 544
96 97 100
96 98 221
96 99 283
96 100 785
97 98 92
97 99 902
97 100 596
98 99 913
98 100 224
99 100 937
