100 4950
1 2 373
1 3 966
1 4 699
1 5 188
1 6 567
1 7 43
1 8 747
1 9 789
1 10 472
1 11 83
1 12 797
1 13 304
1 14 824
1 15 614
1 16 721
1 17 486
1 18 754
1 19 854
1 20 495
1 21 655
1 22 104
1 23 780
1 24 473
1 25 209
1 26 45
1 27 893
1 28 463
1 29 805
1 30 46
1 31 679
1 32 353
1 33 471
1 34 488
1 35 504
1 36 919
1 37 827
1 38 38
1 39 301
1 40 442
1 41 592
1 42 762
1 43 47
1 44 845
1 45 653
1 46 928
1 47 671
1 48 406
1 49 47
1 50 108
1 51 870
1 52 244
1 53 287
1 54 774
1 55 726
1 56 594
1 57 316
1 58 543
1 59 883
1 60 482
1 61 34
1 62 428
1 63 325
1 64 530
1 65 532
1 66 129
1 67 685
1 68 159
1 69 794
1 70 96
1 71 434
1 72 819
1 73 78
1 74 323
1 75 434
1 76 3
1 77 829
1 78 209
1 79 7
1 80 318
1 81 593
1 82 737
1 83 318
1 84 866
1 85 78
1 86 672
1 87 656
1 88 601
1 89 468
1 90 683
1 91 344
1 92 971
1 93 469
1 94 350
1 95 151
1 96 781
1 97 851
1 98 183
1 99 740
1 100 11
2 3 408
2 4 412
2 5 74
2 6 912
2 7 55
2 8 97
2 9 377
2 10 822
2 11 279
2 12 116
2 13 740
2 14 647
2 15 383
2 16 82
2 17 70
2 18 237
2 19 135
2 20 758
2 21 43
2 22 889
2 23 66
2 24 11
2 25 837
2 26 43
2 27 794
2 28 241
2 29 323
2 30 991
2 31 879
2 32 768
2 33 89
2 34 361
2 35 832
2 36 178
2 37 957
2 38 928
2 39 160
2 40 731
2 41 845
2 42 536
2 43 247
2 44 100
2 45 736
2 46 36
2 47 246
2 48 672
2 49 95
2 50 627
2 51 319
2 52 443
2 53 9
2 54 464
2 55 238
2 56 408
2 57 570
2 58 178
2 59 661
2 60 223
2 61 472
2 62 259
2 63 178
2 64 799
2 65 419
2 66 790
2 67 613
2 68 975
2 69 183
2 70 409
2 71 594
2 72 483
2 73 252
2 74 994
2 75 432
2 76 912
2 77 873
2 78 576
2 79 957
2 80 904
2 81 907
2 82 560
2 83 609
2 84 960
2 85 194
2 86 611
2 87 343
2 88 537
2 89 760
2 90 887
2 91 298
2 92 761
2 93 103
2 94 653
2 95 90
2 96 958
2 97 371
2 98 709
2 99 598
2 100 960
3 4 674
3 5 471
3 6 885
3 7 956
3 8 368
3 9 862
3 10 379
3 11 520
3 12 126
3 13 754
3 14 868
3 15 115
3 16 826
3 17 334
3 18 457
3 19 493
3 20 94
3 21 624
3 22 235
3 23 969
3 24 820
3 25 725
3 26 965
3 27 284
3 28 268
3 29 448
3 30 474
3 31 352
3 32 268
3 33 451
3 34 40
3 35 866
3 36 435
3 37 165
3 38 532
3 39 95
3 40 864
3 41 998
3 42 847
3 43 86
3 44 374
3 45 406
3 46 395
3 47 725
3 48 184
3 49 169
3 50 169
3 51 698
3 52 252
3 53 629
3 54 91
3 55 65
3 56 120
3 57 924
3 58 914
3 59 839
3 60 630
3 61 532
3 62 710
3 63 61
3 64 121
3 65 521
3 66 857
3 67 594
3 68 391
3 69 42
3 70 757
3 71 726
3 72 740
3 73 829
3 74 682
3 75 294
3 76 904
3 77 437
3 78 179
3 79 55
3 80 90
3 81 298
3 82 135
3 83 137
3 84 343
3 85 511
3 86 63
3 87 953
3 88 116
3 89 991
3 90 196
3 91 680
3 92 378
3 93 645
3 94 466
3 95 690
3 96 969
3 97 734
3 98 516
3 99 559
3 100 943
4 5 300
4 6 701
4 7 295
4 8 42
4 9 874
4 10 990
4 11 454
4 12 820
4 13 806
4 14 66
4 15 911
4 16 281
4 17 453
4 18 754
4 19 44
4 20 287
4 21 750
4 22 149
4 23 99
4 24 506
4 25 571
4 26 114
4 27 103
4 28 65
4 29 567
4 30 164
4 31 469
4 32 298
4 33 130
4 34 745
4 35 404
4 36 399
4 37 706
4 38 119
4 39 672
4 40 52
4 41 218
4 42 666
4 43 857
4 44 907
4 45 326
4 46 486
4 47 911
4 48 512
4 49 689
4 50 662
4 51 754
4 52 831
4 53 642
4 54 626
4 55 347
4 56 694
4 57 253
4 58 196
4 59 365
4 60 955
4 61 907
4 62 595
4 63 347
4 64 796
4 65 775
4 66 418
4 67 369
4 68 905
4 69 341
4 70 586
4 71 693
4 72 96
4 73 661
4 74 366
4 75 310
4 76 235
4 77 892
4 78 847
4 79 90
4 80 910
4 81 568
4 82 811
4 83 690
4 84 21
4 85 613
4 86 608
4 87 363
4 88 813
4 89 762
4 90 403
4 91 572
4 92 501
4 93 770
4 94 834
4 95 582
4 96 630
4 97 368
4 98 771
4 99 863
4 100 974
5 6 328
5 7 340
5 8 208
5 9 251
5 10 609
5 11 892
5 12 490
5 13 549
5 14 826
5 15 857
5 16 376
5 17 813
5 18 191
5 19 369
5 20 569
5 21 924
5 22 957
5 23 966
5 24 809
5 25 805
5 26 160
5 27 586
5 28 829
5 29 346
5 30 269
5 31 465
5 32 885
5 33 492
5 34 229
5 35 313
5 36 819
5 37 397
5 38 372
5 39 320
5 40 676
5 41 401
5 42 685
5 43 834
5 44 559
5 45 121
5 46 200
5 47 771
5 48 744
5 49 212
5 50 748
5 51 427
5 52 657
5 53 858
5 54 642
5 55 236
5 56 824
5 57 62
5 58 98
5 59 12
5 60 545
5 61 229
5 62 626
5 63 643
5 64 567
5 65 231
5 66 861
5 67 754
5 68 626
5 69 137
5 70 30
5 71 138
5 72 117
5 73 143
5 74 231
5 75 86
5 76 426
5 77 562
5 78 243
5 79 467
5 80 556
5 81 160
5 82 703
5 83 442
5 84 392
5 85 749
5 86 225
5 87 99
5 88 612
5 89 352
5 90 784
5 91 386
5 92 832
5 93 780
5 94 913
5 95 281
5 96 932
5 97 564
5 98 932
5 99 285
5 100 842
6 7 531
6 8 915
6 9 168
6 10 649
6 11 236
6 12 193
6 13 598
6 14 520
6 15 236
6 16 906
6 17 537
6 18 115
6 19 364
6 20 267
6 21 44
6 22 705
6 23 846
6 24 78
6 25 930
6 26 76
6 27 240
6 28 865
6 29 536
6 30 316
6 31 279
6 32 536
6 33 586
6 34 270
6 35 671
6 36 624
6 37 152
6 38 780
6 39 742
6 40 700
6 41 32
6 42 223
6 43 308
6 44 101
6 45 169
6 46 106
6 47 798
6 48 75
6 49 480
6 50 155
6 51 758
6 52 509
6 53 865
6 54 863
6 55 316
6 56 769
6 57 53
6 58 497
6 59 629
6 60 850
6 61 310
6 62 684
6 63 740
6 64 717
6 65 110
6 66 802
6 67 73
6 68 790
6 69 148
6 70 876
6 71 208
6 72 948
6 73 702
6 74 489
6 75 666
6 76 262
6 77 6
6 78 756
6 79 298
6 80 809
6 81 250
6 82 977
6 83 410
6 84 6
6 85 420
6 86 394
6 87 127
6 88 690
6 89 490
6 90 600
6 91 68
6 92 258
6 93 338
6 94 678
6 95 276
6 96 558
6 97 804
6 98 837
6 99 108
6 100 500
7 8 213
7 9 116
7 10 840
7 11 47
7 12 25
7 13 931
7 14 504
7 15 734
7 16 606
7 17 881
7 18 738
7 19 69
7 20 765
7 21 980
7 22 411
7 23 767
7 24 351
7 25 320
7 26 139
7 27 216
7 28 94
7 29 610
7 30 918
7 31 823
7 32 678
7 33 955
7 34 517
7 35 963
7 36 787
7 37 138
7 38 389
7 39 771
7 40 229
7 41 125
7 42 302
7 43 721
7 44 793
7 45 348
7 46 273
7 47 660
7 48 317
7 49 565
7 50 22
7 51 220
7 52 414
7 53 421
7 54 894
7 55 459
7 56 326
7 57 770
7 58 230
7 59 702
7 60 111
7 61 159
7 62 746
7 63 301
7 64 604
7 65 668
7 66 8
7 67 521
7 68 632
7 69 845
7 70 500
7 71 712
7 72 589
7 73 412
7 74 688
7 75 807
7 76 257
7 77 405
7 78 928
7 79 834
7 80 316
7 81 829
7 82 733
7 83 524
7 84 172
7 85 139
7 86 195
7 87 652
7 88 939
7 89 737
7 90 930
7 91 838
7 92 15
7 93 707
7 94 149
7 95 202
7 96 262
7 97 890
7 98 76
7 99 289
7 100 987
8 9 641
8 10 3
8 11 409
8 12 231
8 13 928
8 14 676
8 15 349
8 16 549
8 17 246
8 18 264
8 19 703
8 20 440
8 21 259
8 22 100
8 23 890
8 24 484
8 25 392
8 26 248
8 27 963
8 28 776
8 29 933
8 30 637
8 31 666
8 32 409
8 33 82
8 34 622
8 35 96
8 36 462
8 37 482
8 38 760
8 39 52
8 40 214
8 41 836
8 42 827
8 43 287
8 44 597
8 45 456
8 46 90
8 47 35
8 48 492
8 49 705
8 50 377
8 51 590
8 52 558
8 53 266
8 54 926
8 55 315
8 56 280
8 57 370
8 58 530
8 59 645
8 60 814
8 61 996
8 62 849
8 63 167
8 64 184
8 65 373
8 66 904
8 67 70
8 68 380
8 69 949
8 70 780
8 71 118
8 72 398
8 73 588
8 74 420
8 75 263
8 76 308
8 77 335
8 78 10
8 79 503
8 80 130
8 81 546
8 82 491
8 83 642
8 84 78
8 85 628
8 86 596
8 87 262
8 88 563
8 89 950
8 90 974
8 91 834
8 92 386
8 93 625
8 94 305
8 95 214
8 96 968
8 97 871
8 98 230
8 99 577
8 100 199
9 10 270
9 11 875
9 12 407
9 13 330
9 14 854
9 15 330
9 16 264
9 17 944
9 18 867
9 19 18
9 20 987
9 21 600
9 22 920
9 23 93
9 24 491
9 25 530
9 26 702
9 27 40
9 28 110
9 29 439
9 30 145
9 31 467
9 32 134
9 33 434
9 34 256
9 35 249
9 36 834
9 37 913
9 38 420
9 39 13
9 40 711
9 41 646
9 42 229
9 43 646
9 44 522
9 45 287
9 46 465
9 47 686
9 48 810
9 49 173
9 50 545
9 51 580
9 52 202
9 53 761
9 54 391
9 55 577
9 56 378
9 57 163
9 58 167
9 59 846
9 60 25
9 61 528
9 62 598
9 63 386
9 64 934
9 65 200
9 66 32
9 67 971
9 68 273
9 69 566
9 70 392
9 71 36
9 72 167
9 73 138
9 74 165
9 75 616
9 76 121
9 77 436
9 78 4
9 79 898
9 80 432
9 81 463
9 82 934
9 83 974
9 84 474
9 85 473
9 86 513
9 87 800
9 88 65
9 89 630
9 90 377
9 91 779
9 92 289
9 93 161
9 94 960
9 95 79
9 96 65
9 97 810
9 98 321
9 99 593
9 100 442
10 11 173
10 12 159
10 13 122
10 14 33
10 15 546
10 16 235
10 17 131
10 18 787
10 19 701
10 20 760
10 21 956
10 22 504
10 23 835
10 24 815
10 25 811
10 26 116
10 27 159
10 28 276
10 29 234
10 30 325
10 31 59
10 32 45
10 33 58
10 34 412
10 35 194
10 36 789
10 37 460
10 38 318
10 39 765
10 40 144
10 41 241
10 42 869
10 43 796
10 44 763
10 45 690
10 46 149
10 47 784
10 48 479
10 49 652
10 50 4
10 51 52
10 52 865
10 53 468
10 54 855
10 55 491
10 56 356
10 57 311
10 58 655
10 59 243
10 60 37
10 61 888
10 62 191
10 63 27
10 64 201
10 65 47
10 66 597
10 67 640
10 68 495
10 69 966
10 70 201
10 71 340
10 72 91
10 73 617
10 74 190
10 75 940
10 76 644
10 77 806
10 78 821
10 79 584
10 80 525
10 81 917
10 82 268
10 83 114
10 84 250
10 85 868
10 86 610
10 87 853
10 88 764
10 89 766
10 90 960
10 91 204
10 92 639
10 93 123
10 94 214
10 95 532
10 96 364
10 97 981
10 98 4
10 99 770
10 100 449
11 12 51
11 13 284
11 14 500
11 15 355
11 16 415
11 17 968
11 18 99
11 19 880
11 20 685
11 21 336
11 22 47
11 23 649
11 24 976
11 25 77
11 26 672
11 27 623
11 28 363
11 29 118
11 30 753
11 31 610
11 32 72
11 33 419
11 34 719
11 35 908
11 36 688
11 37 592
11 38 424
11 39 705
11 40 846
11 41 533
11 42 753
11 43 8
11 44 856
11 45 89
11 46 123
11 47 227
11 48 210
11 49 60
11 50 367
11 51 587
11 52 11
11 53 866
11 54 818
11 55 605
11 56 3
11 57 264
11 58 193
11 59 475
11 60 171
11 61 780
11 62 410
11 63 568
11 64 674
11 65 276
11 66 261
11 67 266
11 68 36
11 69 648
11 70 2
11 71 329
11 72 516
11 73 461
11 74 75
11 75 730
11 76 429
11 77 675
11 78 657
11 79 359
11 80 626
11 81 486
11 82 83
11 83 607
11 84 885
11 85 168
11 86 67
11 87 422
11 88 515
11 89 146
11 90 566
11 91 962
11 92 927
11 93 39
11 94 57
11 95 83
11 96 69
11 97 136
11 98 386
11 99 549
11 100 779
12 13 818
12 14 413
12 15 1
12 16 588
12 17 876
12 18 678
12 19 148
12 20 543
12 21 425
12 22 825
12 23 532
12 24 902
12 25 300
12 26 311
12 27 769
12 28 117
12 29 143
12 30 681
12 31 87
12 32 419
12 33 659
12 34 309
12 35 411
12 36 12
12 37 386
12 38 790
12 39 520
12 40 327
12 41 538
12 42 449
12 43 735
12 44 626
12 45 629
12 46 438
12 47 809
12 48 50
12 49 505
12 50 69
12 51 750
12 52 220
12 53 372
12 54 138
12 55 258
12 56 453
12 57 964
12 58 851
12 59 288
12 60 64
12 61 232
12 62 246
12 63 334
12 64 819
12 65 275
12 66 681
12 67 875
12 68 856
12 69 10
12 70 77
12 71 862
12 72 683
12 73 966
12 74 703
12 75 873
12 76 939
12 77 17
12 78 173
12 79 856
12 80 900
12 81 997
12 82 251
12 83 524
12 84 959
12 85 420
12 86 534
12 87 454
12 88 907
12 89 976
12 90 747
12 91 176
12 92 737
12 93 56
12 94 379
12 95 95
12 96 868
12 97 302
12 98 836
12 99 569
12 100 165
13 14 630
13 15 291
13 16 807
13 17 607
13 18 163
13 19 946
13 20 497
13 21 324
13 22 328
13 23 56
13 24 513
13 25 621
13 26 719
13 27 688
13 28 852
13 29 353
13 30 671
13 31 498
13 32 491
13 33 685
13 34 189
13 35 467
13 36 838
13 37 512
13 38 692
13 39 707
13 40 808
13 41 480
13 42 671
13 43 698
13 44 570
13 45 720
13 46 96
13 47 757
13 48 639
13 49 8
13 50 631
13 51 647
13 52 621
13 53 174
13 54 538
13 55 937
13 56 782
13 57 301
13 58 146
13 59 283
13 60 77
13 61 798
13 62 286
13 63 202
13 64 836
13 65 881
13 66 21
13 67 302
13 68 26
13 69 508
13 70 70
13 71 700
13 72 188
13 73 798
13 74 696
13 75 786
13 76 617
13 77 480
13 78 647
13 79 471
13 80 328
13 81 97
13 82 986
13 83 775
13 84 338
13 85 89
13 86 675
13 87 185
13 88 391
13 89 255
13 90 86
13 91 44
13 92 664
13 93 188
13 94 520
13 95 868
13 96 709
13 97 966
13 98 97
13 99 333
13 100 566
14 15 833
14 16 939
14 17 402
14 18 689
14 19 65
14 20 94
14 21 704
14 22 15
14 23 186
14 24 458
14 25 957
14 26 611
14 27 731
14 28 35
14 29 19
14 30 709
14 31 806
14 32 982
14 33 528
14 34 561
14 35 23
14 36 53
14 37 313
14 38 112
14 39 619
14 40 96
14 41 871
14 42 327
14 43 376
14 44 239
14 45 303
14 46 217
14 47 951
14 48 133
14 49 829
14 50 542
14 51 672
14 52 762
14 53 495
14 54 21
14 55 414
14 56 51
14 57 244
14 58 58
14 59 882
14 60 475
14 61 129
14 62 325
14 63 544
14 64 882
14 65 982
14 66 576
14 67 741
14 68 92
14 69 385
14 70 103
14 71 644
14 72 731
14 73 702
14 74 98
14 75 457
14 76 417
14 77 262
14 78 154
14 79 537
14 80 296
14 81 544
14 82 309
14 83 693
14 84 754
14 85 786
14 86 187
14 87 285
14 88 302
14 89 113
14 90 506
14 91 748
14 92 475
14 93 217
14 94 826
14 95 445
14 96 738
14 97 109
14 98 968
14 99 423
14 100 862
15 16 495
15 17 45
15 18 162
15 19 809
15 20 580
15 21 90
15 22 39
15 23 271
15 24 895
15 25 798
15 26 663
15 27 357
15 28 856
15 29 278
15 30 732
15 31 889
15 32 656
15 33 579
15 34 242
15 35 946
15 36 874
15 37 229
15 38 385
15 39 587
15 40 956
15 41 427
15 42 809
15 43 557
15 44 154
15 45 620
15 46 568
15 47 155
15 48 538
15 49 168
15 50 505
15 51 349
15 52 127
15 53 2
15 54 596
15 55 320
15 56 879
15 57 142
15 58 753
15 59 409
15 60 514
15 61 164
15 62 841
15 63 884
15 64 940
15 65 921
15 66 582
15 67 792
15 68 770
15 69 562
15 70 468
15 71 498
15 72 384
15 73 248
15 74 298
15 75 659
15 76 460
15 77 674
15 78 929
15 79 140
15 80 912
15 81 281
15 82 865
15 83 508
15 84 564
15 85 583
15 86 10
15 87 415
15 88 801
15 89 263
15 90 613
15 91 152
15 92 349
15 93 934
15 94 531
15 95 181
15 96 9
15 97 829
15 98 693
15 99 131
15 100 798
16 17 152
16 18 331
16 19 927
16 20 197
16 21 757
16 22 319
16 23 853
16 24 579
16 25 135
16 26 304
16 27 439
16 28 549
16 29 935
16 30 648
16 31 957
16 32 537
16 33 657
16 34 454
16 35 334
16 36 127
16 37 913
16 38 403
16 39 722
16 40 912
16 41 728
16 42 289
16 43 646
16 44 281
16 45 397
16 46 289
16 47 793
16 48 377
16 49 154
16 50 903
16 51 362
16 52 927
16 53 19
16 54 717
16 55 919
16 56 845
16 57 52
16 58 728
16 59 169
16 60 707
16 61 458
16 62 726
16 63 168
16 64 507
16 65 273
16 66 740
16 67 782
16 68 633
16 69 79
16 70 155
16 71 66
16 72 367
16 73 20
16 74 82
16 75 608
16 76 825
16 77 557
16 78 519
16 79 703
16 80 720
16 81 361
16 82 636
16 83 200
16 84 96
16 85 972
16 86 343
16 87 55
16 88 596
16 89 47
16 90 176
16 91 381
16 92 256
16 93 234
16 94 565
16 95 305
16 96 544
16 97 70
16 98 165
16 99 302
16 100 603
17 18 202
17 19 50
17 20 320
17 21 143
17 22 545
17 23 68
17 24 802
17 25 310
17 26 501
17 27 681
17 28 578
17 29 824
17 30 668
17 31 166
17 32 451
17 33 187
17 34 874
17 35 650
17 36 919
17 37 138
17 38 886
17 39 688
17 40 34
17 41 268
17 42 233
17 43 15
17 44 810
17 45 483
17 46 791
17 47 923
17 48 147
17 49 281
17 50 432
17 51 62
17 52 846
17 53 474
17 54 936
17 55 171
17 56 426
17 57 585
17 58 928
17 59 509
17 60 846
17 61 992
17 62 530
17 63 642
17 64 410
17 65 401
17 66 874
17 67 812
17 68 414
17 69 735
17 70 677
17 71 560
17 72 976
17 73 438
17 74 593
17 75 188
17 76 818
17 77 328
17 78 559
17 79 824
17 80 739
17 81 3
17 82 954
17 83 960
17 84 26
17 85 689
17 86 468
17 87 115
17 88 763
17 89 561
17 90 280
17 91 948
17 92 423
17 93 412
17 94 233
17 95 850
17 96 58
17 97 170
17 98 597
17 99 270
17 100 759
18 19 910
18 20 125
18 21 343
18 22 470
18 23 367
18 24 33
18 25 709
18 26 247
18 27 222
18 28 288
18 29 546
18 30 97
18 31 572
18 32 190
18 33 417
18 34 135
18 35 781
18 36 319
18 37 978
18 38 416
18 39 928
18 40 240
18 41 822
18 42 568
18 43 652
18 44 468
18 45 677
18 46 815
18 47 743
18 48 717
18 49 558
18 50 683
18 51 562
18 52 440
18 53 366
18 54 754
18 55 681
18 56 406
18 57 879
18 58 24
18 59 789
18 60 25
18 61 541
18 62 537
18 63 739
18 64 173
18 65 15
18 66 274
18 67 761
18 68 521
18 69 203
18 70 496
18 71 782
18 72 775
18 73 137
18 74 212
18 75 775
18 76 30
18 77 624
18 78 666
18 79 762
18 80 829
18 81 883
18 82 337
18 83 339
18 84 636
18 85 347
18 86 678
18 87 366
18 88 117
18 89 817
18 90 258
18 91 394
18 92 87
18 93 683
18 94 502
18 95 638
18 96 262
18 97 895
18 98 257
18 99 298
18 100 214
19 20 119
19 21 542
19 22 938
19 23 214
19 24 987
19 25 733
19 26 179
19 27 672
19 28 936
19 29 860
19 30 464
19 31 186
19 32 660
19 33 684
19 34 969
19 35 438
19 36 170
19 37 200
19 38 606
19 39 489
19 40 456
19 41 467
19 42 518
19 43 40
19 44 644
19 45 592
19 46 254
19 47 374
19 48 807
19 49 810
19 50 775
19 51 916
19 52 804
19 53 102
19 54 81
19 55 238
19 56 593
19 57 620
19 58 688
19 59 82
19 60 28
19 61 140
19 62 319
19 63 496
19 64 559
19 65 416
19 66 426
19 67 533
19 68 261
19 69 423
19 70 784
19 71 725
19 72 679
19 73 737
19 74 313
19 75 446
19 76 624
19 77 193
19 78 981
19 79 587
19 80 690
19 81 594
19 82 172
19 83 241
19 84 491
19 85 599
19 86 937
19 87 674
19 88 812
19 89 809
19 90 717
19 91 282
19 92 842
19 93 130
19 94 725
19 95 540
19 96 342
19 97 656
19 98 403
19 99 728
19 100 124
20 21 924
20 22 838
20 23 445
20 24 630
20 25 278
20 26 326
20 27 440
20 28 436
20 29 820
20 30 389
20 31 558
20 32 231
20 33 415
20 34 443
20 35 970
20 36 643
20 37 114
20 38 872
20 39 319
20 40 764
20 41 5
20 42 723
20 43 507
20 44 352
20 45 678
20 46 360
20 47 603
20 48 425
20 49 142
20 50 822
20 51 474
20 52 48
20 53 930
20 54 517
20 55 953
20 56 601
20 57 801
20 58 664
20 59 871
20 60 140
20 61 936
20 62 631
20 63 319
20 64 79
20 65 562
20 66 628
20 67 461
20 68 674
20 69 180
20 70 556
20 71 604
20 72 722
20 73 3
20 74 564
20 75 435
20 76 847
20 77 845
20 78 597
20 79 757
20 80 35
20 81 604
20 82 6
20 83 876
20 84 432
20 85 320
20 86 966
20 87 444
20 88 352
20 89 427
20 90 904
20 91 23
20 92 502
20 93 851
20 94 146
20 95 416
20 96 161
20 97 736
20 98 586
20 99 650
20 100 282
21 22 224
21 23 533
21 24 220
21 25 768
21 26 724
21 27 286
21 28 725
21 29 905
21 30 716
21 31 417
21 32 547
21 33 649
21 34 509
21 35 61
21 36 990
21 37 711
21 38 654
21 39 811
21 40 184
21 41 422
21 42 791
21 43 403
21 44 662
21 45 807
21 46 548
21 47 87
21 48 994
21 49 778
21 50 540
21 51 99
21 52 123
21 53 293
21 54 977
21 55 364
21 56 827
21 57 961
21 58 266
21 59 773
21 60 698
21 61 394
21 62 169
21 63 994
21 64 877
21 65 553
21 66 444
21 67 396
21 68 844
21 69 51
21 70 306
21 71 925
21 72 241
21 73 462
21 74 558
21 75 666
21 76 239
21 77 414
21 78 195
21 79 864
21 80 412
21 81 681
21 82 638
21 83 917
21 84 246
21 85 734
21 86 374
21 87 264
21 88 679
21 89 696
21 90 852
21 91 862
21 92 969
21 93 939
21 94 456
21 95 996
21 96 571
21 97 827
21 98 157
21 99 715
21 100 336
22 23 114
22 24 602
22 25 459
22 26 966
22 27 698
22 28 652
22 29 283
22 30 445
22 31 706
22 32 321
22 33 677
22 34 992
22 35 713
22 36 34
22 37 599
22 38 374
22 39 463
22 40 66
22 41 515
22 42 324
22 43 308
22 44 276
22 45 27
22 46 2
22 47 34
22 48 890
22 49 138
22 50 98
22 51 112
22 52 367
22 53 673
22 54 860
22 55 643
22 56 307
22 57 224
22 58 335
22 59 122
22 60 593
22 61 918
22 62 352
22 63 819
22 64 880
22 65 476
22 66 631
22 67 15
22 68 810
22 69 991
22 70 976
22 71 244
22 72 928
22 73 494
22 74 809
22 75 741
22 76 587
22 77 90
22 78 230
22 79 962
22 80 25
22 81 353
22 82 82
22 83 729
22 84 457
22 85 889
22 86 706
22 87 141
22 88 90
22 89 407
22 90 755
22 91 247
22 92 187
22 93 966
22 94 232
22 95 165
22 96 466
22 97 760
22 98 376
22 99 356
22 100 298
23 24 949
23 25 365
23 26 822
23 27 691
23 28 519
23 29 524
23 30 858
23 31 178
23 32 126
23 33 312
23 34 692
23 35 725
23 36 509
23 37 806
23 38 565
23 39 828
23 40 332
23 41 891
23 42 86
23 43 119
23 44 522
23 45 885
23 46 116
23 47 933
23 48 246
23 49 93
23 50 6
23 51 892
23 52 840
23 53 304
23 54 308
23 55 499
23 56 906
23 57 990
23 58 634
23 59 18
23 60 168
23 61 624
23 62 596
23 63 22
23 64 765
23 65 282
23 66 39
23 67 361
23 68 119
23 69 732
23 70 128
23 71 863
23 72 523
23 73 626
23 74 444
23 75 789
23 76 352
23 77 763
23 78 559
23 79 837
23 80 758
23 81 962
23 82 544
23 83 941
23 84 324
23 85 413
23 86 823
23 87 310
23 88 292
23 89 496
23 90 624
23 91 754
23 92 19
23 93 102
23 94 722
23 95 663
23 96 694
23 97 464
23 98 331
23 99 352
23 100 676
24 25 751
24 26 188
24 27 334
24 28 123
24 29 41
24 30 579
24 31 606
24 32 631
24 33 600
24 34 316
24 35 814
24 36 995
24 37 717
24 38 119
24 39 432
24 40 218
24 41 130
24 42 62
24 43 710
24 44 587
24 45 266
24 46 127
24 47 13
24 48 881
24 49 828
24 50 738
24 51 425
24 52 559
24 53 864
24 54 137
24 55 19
24 56 516
24 57 877
24 58 275
24 59 168
24 60 602
24 61 509
24 62 729
24 63 955
24 64 504
24 65 649
24 66 972
24 67 945
24 68 748
24 69 312
24 70 104
24 71 631
24 72 236
24 73 492
24 74 857
24 75 671
24 76 308
24 77 441
24 78 937
24 79 911
24 80 250
24 81 808
24 82 12
24 83 932
24 84 877
24 85 973
24 86 72
24 87 884
24 88 126
24 89 618
24 90 547
24 91 411
24 92 776
24 93 794
24 94 541
24 95 637
24 96 19
24 97 104
24 98 239
24 99 969
24 100 486
25 26 989
25 27 602
25 28 972
25 29 42
25 30 677
25 31 657
25 32 131
25 33 996
25 34 196
25 35 835
25 36 185
25 37 391
25 38 139
25 39 51
25 40 582
25 41 65
25 42 4
25 43 379
25 44 406
25 45 718
25 46 320
25 47 522
25 48 815
25 49 482
25 50 6
25 51 561
25 52 402
25 53 273
25 54 519
25 55 231
25 56 820
25 57 427
25 58 346
25 59 51
25 60 829
25 61 957
25 62 326
25 63 838
25 64 596
25 65 733
25 66 948
25 67 499
25 68 601
25 69 556
25 70 596
25 71 191
25 72 146
25 73 536
25 74 237
25 75 871
25 76 608
25 77 196
25 78 891
25 79 392
25 80 490
25 81 488
25 82 181
25 83 252
25 84 931
25 85 293
25 86 373
25 87 84
25 88 282
25 89 395
25 90 383
25 91 110
25 92 188
25 93 91
25 94 94
25 95 424
25 96 490
25 97 910
25 98 99
25 99 620
25 100 77
26 27 129
26 28 777
26 29 326
26 30 694
26 31 217
26 32 42
26 33 68
26 34 291
26 35 306
26 36 619
26 37 526
26 38 503
26 39 531
26 40 555
26 41 403
26 42 240
26 43 3
26 44 841
26 45 950
26 46 661
26 47 989
26 48 303
26 49 524
26 50 997
26 51 181
26 52 463
26 53 153
26 54 117
26 55 124
26 56 294
26 57 963
26 58 908
26 59 105
26 60 663
26 61 445
26 62 591
26 63 8
26 64 478
26 65 112
26 66 670
26 67 571
26 68 324
26 69 894
26 70 458
26 71 472
26 72 262
26 73 655
26 74 259
26 75 435
26 76 706
26 77 979
26 78 707
26 79 932
26 80 721
26 81 620
26 82 557
26 83 996
26 84 304
26 85 11
26 86 105
26 87 630
26 88 894
26 89 998
26 90 72
26 91 800
26 92 787
26 93 704
26 94 173
26 95 807
26 96 500
26 97 395
26 98 271
26 99 865
26 100 347
27 28 852
27 29 134
27 30 55
27 31 825
27 32 164
27 33 632
27 34 5
27 35 155
27 36 746
27 37 709
27 38 840
27 39 552
27 40 112
27 41 839
27 42 643
27 43 942
27 44 537
27 45 359
27 46 159
27 47 296
27 48 753
27 49 558
27 50 219
27 51 172
27 52 726
27 53 446
27 54 228
27 55 196
27 56 505
27 57 578
27 58 981
27 59 230
27 60 636
27 61 270
27 62 517
27 63 284
27 64 722
27 65 490
27 66 551
27 67 109
27 68 892
27 69 850
27 70 431
27 71 883
27 72 173
27 73 640
27 74 588
27 75 807
27 76 284
27 77 675
27 78 318
27 79 551
27 80 430
27 81 640
27 82 149
27 83 157
27 84 167
27 85 614
27 86 15
27 87 158
27 88 518
27 89 671
27 90 549
27 91 476
27 92 656
27 93 996
27 94 527
27 95 92
27 96 173
27 97 182
27 98 407
27 99 962
27 100 900
28 29 562
28 30 522
28 31 277
28 32 26
28 33 667
28 34 214
28 35 41
28 36 3
28 37 495
28 38 935
28 39 515
28 40 524
28 41 474
28 42 874
28 43 346
28 44 333
28 45 83
28 46 49
28 47 515
28 48 229
28 49 357
28 50 367
28 51 532
28 52 749
28 53 715
28 54 99
28 55 511
28 56 992
28 57 542
28 58 321
28 59 729
28 60 26
28 61 796
28 62 289
28 63 416
28 64 96
28 65 125
28 66 270
28 67 788
28 68 934
28 69 749
28 70 858
28 71 432
28 72 454
28 73 540
28 74 18
28 75 135
28 76 742
28 77 502
28 78 306
28 79 988
28 80 138
28 81 191
28 82 956
28 83 686
28 84 72
28 85 472
28 86 171
28 87 805
28 88 71
28 89 877
28 90 16
28 91 478
28 92 706
28 93 888
28 94 154
28 95 686
28 96 765
28 97 473
28 98 293
28 99 857
28 100 315
29 30 185
29 31 342
29 32 785
29 33 70
29 34 112
29 35 551
29 36 388
29 37 783
29 38 314
29 39 860
29 40 542
29 41 321
29 42 921
29 43 283
29 44 68
29 45 257
29 46 280
29 47 581
29 48 100
29 49 922
29 50 64
29 51 322
29 52 273
29 53 813
29 54 322
29 55 35
29 56 565
29 57 81
29 58 978
29 59 336
29 60 28
29 61 596
29 62 138
29 63 980
29 64 707
29 65 93
29 66 567
29 67 429
29 68 470
29 69 859
29 70 718
29 71 799
29 72 146
29 73 958
29 74 457
29 75 729
29 76 101
29 77 905
29 78 412
29 79 753
29 80 872
29 81 68
29 82 678
29 83 459
29 84 429
29 85 929
29 86 644
29 87 306
29 88 413
29 89 335
29 90 368
29 91 871
29 92 457
29 93 32
29 94 771
29 95 516
29 96 915
29 97 789
29 98 827
29 99 916
29 100 366
30 31 251
30 32 462
30 33 396
30 34 692
30 35 881
30 36 324
30 37 25
30 38 914
30 39 800
30 40 104
30 41 663
30 42 289
30 43 957
30 44 473
30 45 993
30 46 818
30 47 394
30 48 68
30 49 480
30 50 945
30 51 654
30 52 277
30 53 493
30 54 762
30 55 864
30 56 190
30 57 284
30 58 601
30 59 520
30 60 483
30 61 342
30 62 243
30 63 979
30 64 762
30 65 230
30 66 316
30 67 23
30 68 177
30 69 462
30 70 561
30 71 816
30 72 981
30 73 279
30 74 825
30 75 402
30 76 503
30 77 474
30 78 918
30 79 237
30 80 908
30 81 42
30 82 417
30 83 113
30 84 418
30 85 899
30 86 739
30 87 492
30 88 171
30 89 424
30 90 391
30 91 893
30 92 84
30 93 38
30 94 876
30 95 935
30 96 314
30 97 394
30 98 707
30 99 72
30 100 207
31 32 835
31 33 900
31 34 838
31 35 603
31 36 580
31 37 277
31 38 581
31 39 594
31 40 688
31 41 211
31 42 501
31 43 147
31 44 522
31 45 342
31 46 755
31 47 628
31 48 321
31 49 177
31 50 571
31 51 807
31 52 985
31 53 660
31 54 126
31 55 56
31 56 392
31 57 162
31 58 802
31 59 87
31 60 152
31 61 139
31 62 347
31 63 741
31 64 286
31 65 49
31 66 28
31 67 772
31 68 8
31 69 539
31 70 463
31 71 849
31 72 496
31 73 455
31 74 305
31 75 210
31 76 201
31 77 239
31 78 965
31 79 517
31 80 723
31 81 884
31 82 933
31 83 426
31 84 959
31 85 161
31 86 553
31 87 822
31 88 48
31 89 249
31 90 902
31 91 830
31 92 464
31 93 544
31 94 165
31 95 546
31 96 609
31 97 375
31 98 780
31 99 201
31 100 570
32 33 540
32 34 792
32 35 510
32 36 69
32 37 758
32 38 606
32 39 112
32 40 148
32 41 739
32 42 565
32 43 803
32 44 169
32 45 407
32 46 60
32 47 635
32 48 816
32 49 663
32 50 994
32 51 297
32 52 198
32 53 364
32 54 284
32 55 848
32 56 154
32 57 566
32 58 496
32 59 645
32 60 132
32 61 677
32 62 150
32 63 946
32 64 95
32 65 77
32 66 869
32 67 453
32 68 117
32 69 115
32 70 381
32 71 82
32 72 677
32 73 763
32 74 780
32 75 145
32 76 608
32 77 228
32 78 498
32 79 697
32 80 643
32 81 611
32 82 641
32 83 886
32 84 637
32 85 831
32 86 906
32 87 989
32 88 472
32 89 140
32 90 460
32 91 169
32 92 535
32 93 663
32 94 836
32 95 937
32 96 109
32 97 585
32 98 658
32 99 919
32 100 727
33 34 990
33 35 730
33 36 847
33 37 407
33 38 192
33 39 691
33 40 331
33 41 940
33 42 229
33 43 51
33 44 982
33 45 994
33 46 976
33 47 713
33 48 256
33 49 18
33 50 705
33 51 371
33 52 83
33 53 983
33 54 869
33 55 12
33 56 243
33 57 566
33 58 172
33 59 741
33 60 388
33 61 170
33 62 174
33 63 377
33 64 645
33 65 390
33 66 292
33 67 505
33 68 748
33 69 233
33 70 469
33 71 7
33 72 36
33 73 188
33 74 354
33 75 286
33 76 245
33 77 487
33 78 596
33 79 2
33 80 16
33 81 767
33 82 701
33 83 233
33 84 583
33 85 550
33 86 607
33 87 983
33 88 44
33 89 41
33 90 91
33 91 512
33 92 290
33 93 990
33 94 977
33 95 510
33 96 547
33 97 548
33 98 26
33 99 972
33 100 890
34 35 659
34 36 461
34 37 416
34 38 409
34 39 295
34 40 539
34 41 150
34 42 756
34 43 916
34 44 548
34 45 954
34 46 822
34 47 837
34 48 292
34 49 736
34 50 583
34 51 186
34 52 378
34 53 281
34 54 783
34 55 469
34 56 637
34 57 624
34 58 814
34 59 604
34 60 98
34 61 117
34 62 640
34 63 563
34 64 661
34 65 944
34 66 262
34 67 791
34 68 593
34 69 101
34 70 725
34 71 49
34 72 378
34 73 438
34 74 910
34 75 234
34 76 602
34 77 552
34 78 806
34 79 378
34 80 530
34 81 211
34 82 709
34 83 820
34 84 130
34 85 524
34 86 466
34 87 967
34 88 337
34 89 112
34 90 395
34 91 131
34 92 876
34 93 522
34 94 519
34 95 977
34 96 775
34 97 408
34 98 665
34 99 986
34 100 259
35 36 898
35 37 652
35 38 439
35 39 783
35 40 183
35 41 688
35 42 423
35 43 244
35 44 702
35 45 699
35 46 408
35 47 627
35 48 593
35 49 250
35 50 765
35 51 668
35 52 851
35 53 876
35 54 4
35 55 109
35 56 367
35 57 227
35 58 838
35 59 389
35 60 818
35 61 659
35 62 523
35 63 88
35 64 495
35 65 257
35 66 603
35 67 714
35 68 345
35 69 908
35 70 403
35 71 651
35 72 713
35 73 395
35 74 940
35 75 608
35 76 46
35 77 923
35 78 891
35 79 657
35 80 743
35 81 42
35 82 59
35 83 724
35 84 53
35 85 94
35 86 53
35 87 169
35 88 23
35 89 268
35 90 888
35 91 157
35 92 145
35 93 192
35 94 903
35 95 300
35 96 165
35 97 576
35 98 860
35 99 940
35 100 618
36 37 755
36 38 537
36 39 945
36 40 880
36 41 123
36 42 417
36 43 986
36 44 524
36 45 78
36 46 659
36 47 406
36 48 269
36 49 607
36 50 811
36 51 555
36 52 267
36 53 848
36 54 529
36 55 470
36 56 421
36 57 173
36 58 684
36 59 335
36 60 368
36 61 35
36 62 113
36 63 705
36 64 29
36 65 496
36 66 479
36 67 416
36 68 22
36 69 504
36 70 594
36 71 555
36 72 366
36 73 443
36 74 499
36 75 284
36 76 232
36 77 204
36 78 265
36 79 785
36 80 38
36 81 631
36 82 966
36 83 592
36 84 721
36 85 925
36 86 374
36 87 147
36 88 439
36 89 564
36 90 334
36 91 996
36 92 670
36 93 688
36 94 553
36 95 295
36 96 221
36 97 147
36 98 608
36 99 7
36 100 406
37 38 820
37 39 952
37 40 757
37 41 675
37 42 344
37 43 824
37 44 822
37 45 742
37 46 276
37 47 150
37 48 37
37 49 897
37 50 732
37 51 889
37 52 997
37 53 398
37 54 907
37 55 745
37 56 85
37 57 906
37 58 610
37 59 782
37 60 760
37 61 127
37 62 202
37 63 450
37 64 591
37 65 758
37 66 506
37 67 47
37 68 384
37 69 304
37 70 814
37 71 498
37 72 836
37 73 796
37 74 714
37 75 486
37 76 456
37 77 544
37 78 430
37 79 198
37 80 557
37 81 789
37 82 117
37 83 679
37 84 955
37 85 896
37 86 505
37 87 182
37 88 415
37 89 569
37 90 264
37 91 741
37 92 279
37 93 908
37 94 391
37 95 184
37 96 965
37 97 144
37 98 944
37 99 62
37 100 597
38 39 657
38 40 125
38 41 302
38 42 332
38 43 870
38 44 37
38 45 289
38 46 196
38 47 771
38 48 430
38 49 44
38 50 996
38 51 549
38 52 788
38 53 766
38 54 126
38 55 787
38 56 715
38 57 875
38 58 503
38 59 977
38 60 957
38 61 553
38 62 463
38 63 731
38 64 213
38 65 145
38 66 887
38 67 911
38 68 74
38 69 287
38 70 282
38 71 992
38 72 801
38 73 197
38 74 778
38 75 306
38 76 207
38 77 225
38 78 980
38 79 823
38 80 787
38 81 522
38 82 209
38 83 831
38 84 463
38 85 235
38 86 580
38 87 341
38 88 103
38 89 636
38 90 813
38 91 615
38 92 900
38 93 689
38 94 361
38 95 105
38 96 841
38 97 976
38 98 868
38 99 20
38 100 358
39 40 657
39 41 747
39 42 142
39 43 3
39 44 340
39 45 268
39 46 390
39 47 655
39 48 206
39 49 174
39 50 679
39 51 610
39 52 552
39 53 68
39 54 708
39 55 611
39 56 962
39 57 137
39 58 967
39 59 510
39 60 211
39 61 72
39 62 254
39 63 783
39 64 119
39 65 882
39 66 977
39 67 486
39 68 135
39 69 331
39 70 741
39 71 230
39 72 622
39 73 605
39 74 755
39 75 720
39 76 723
39 77 67
39 78 215
39 79 441
39 80 393
39 81 630
39 82 178
39 83 337
39 84 287
39 85 333
39 86 698
39 87 744
39 88 87
39 89 865
39 90 619
39 91 244
39 92 463
39 93 48
39 94 979
39 95 557
39 96 615
39 97 488
39 98 919
39 99 770
39 100 319
40 41 803
40 42 313
40 43 544
40 44 607
40 45 643
40 46 983
40 47 854
40 48 724
40 49 71
40 50 596
40 51 690
40 52 997
40 53 599
40 54 59
40 55 136
40 56 709
40 57 541
40 58 952
40 59 8
40 60 591
40 61 236
40 62 300
40 63 964
40 64 62
40 65 878
40 66 751
40 67 445
40 68 935
40 69 56
40 70 935
40 71 582
40 72 193
40 73 10
40 74 462
40 75 327
40 76 146
40 77 770
40 78 377
40 79 357
40 80 199
40 81 658
40 82 366
40 83 893
40 84 71
40 85 735
40 86 600
40 87 120
40 88 293
40 89 996
40 90 827
40 91 22
40 92 426
40 93 370
40 94 75
40 95 890
40 96 922
40 97 166
40 98 126
40 99 341
40 100 674
41 42 954
41 43 607
41 44 594
41 45 777
41 46 504
41 47 306
41 48 725
41 49 672
41 50 407
41 51 67
41 52 654
41 53 944
41 54 356
41 55 258
41 56 862
41 57 384
41 58 820
41 59 641
41 60 938
41 61 111
41 62 21
41 63 38
41 64 755
41 65 487
41 66 582
41 67 213
41 68 926
41 69 956
41 70 315
41 71 255
41 72 280
41 73 732
41 74 796
41 75 553
41 76 745
41 77 244
41 78 431
41 79 843
41 80 328
41 81 267
41 82 187
41 83 333
41 84 795
41 85 825
41 86 341
41 87 975
41 88 731
41 89 343
41 90 90
41 91 722
41 92 383
41 93 454
41 94 929
41 95 569
41 96 414
41 97 896
41 98 205
41 99 235
41 100 296
42 43 622
42 44 568
42 45 573
42 46 388
42 47 242
42 48 418
42 49 162
42 50 795
42 51 986
42 52 440
42 53 153
42 54 380
42 55 878
42 56 521
42 57 584
42 58 56
42 59 591
42 60 220
42 61 356
42 62 173
42 63 336
42 64 935
42 65 824
42 66 404
42 67 517
42 68 769
42 69 35
42 70 512
42 71 741
42 72 188
42 73 377
42 74 203
42 75 869
42 76 362
42 77 789
42 78 39
42 79 334
42 80 958
42 81 520
42 82 53
42 83 330
42 84 706
42 85 779
42 86 127
42 87 959
42 88 313
42 89 1
42 90 336
42 91 807
42 92 253
42 93 998
42 94 287
42 95 244
42 96 884
42 97 569
42 98 167
42 99 78
42 100 535
43 44 235
43 45 358
43 46 683
43 47 276
43 48 982
43 49 645
43 50 728
43 51 716
43 52 894
43 53 800
43 54 751
43 55 221
43 56 247
43 57 708
43 58 796
43 59 743
43 60 219
43 61 19
43 62 443
43 63 881
43 64 216
43 65 608
43 66 388
43 67 248
43 68 831
43 69 588
43 70 505
43 71 160
43 72 28
43 73 707
43 74 161
43 75 392
43 76 534
43 77 342
43 78 892
43 79 803
43 80 534
43 81 894
43 82 882
43 83 481
43 84 805
43 85 882
43 86 676
43 87 528
43 88 557
43 89 41
43 90 578
43 91 725
43 92 907
43 93 587
43 94 827
43 95 393
43 96 346
43 97 139
43 98 764
43 99 798
43 100 812
44 45 84
44 46 826
44 47 398
44 48 217
44 49 50
44 50 356
44 51 322
44 52 617
44 53 810
44 54 522
44 55 875
44 56 740
44 57 73
44 58 875
44 59 551
44 60 775
44 61 992
44 62 453
44 63 250
44 64 380
44 65 731
44 66 218
44 67 382
44 68 431
44 69 629
44 70 448
44 71 705
44 72 699
44 73 754
44 74 903
44 75 966
44 76 22
44 77 353
44 78 19
44 79 235
44 80 737
44 81 858
44 82 543
44 83 591
44 84 836
44 85 327
44 86 236
44 87 428
44 88 607
44 89 997
44 90 105
44 91 254
44 92 695
44 93 396
44 94 210
44 95 93
44 96 521
44 97 399
44 98 536
44 99 770
44 100 577
45 46 935
45 47 994
45 48 983
45 49 9
45 50 47
45 51 375
45 52 723
45 53 978
45 54 396
45 55 146
45 56 316
45 57 116
45 58 320
45 59 650
45 60 842
45 61 462
45 62 353
45 63 542
45 64 69
45 65 616
45 66 594
45 67 7
45 68 465
45 69 955
45 70 393
45 71 568
45 72 981
45 73 527
45 74 601
45 75 961
45 76 559
45 77 462
45 78 533
45 79 665
45 80 567
45 81 566
45 82 710
45 83 282
45 84 722
45 85 375
45 86 506
45 87 132
45 88 874
45 89 308
45 90 692
45 91 957
45 92 19
45 93 931
45 94 7
45 95 549
45 96 874
45 97 653
45 98 115
45 99 428
45 100 790
46 47 26
46 48 336
46 49 903
46 50 564
46 51 324
46 52 808
46 53 169
46 54 754
46 55 636
46 56 169
46 57 485
46 58 809
46 59 768
46 60 489
46 61 234
46 62 304
46 63 88
46 64 928
46 65 965
46 66 545
46 67 984
46 68 735
46 69 501
46 70 55
46 71 947
46 72 846
46 73 829
46 74 199
46 75 241
46 76 739
46 77 69
46 78 180
46 79 882
46 80 432
46 81 394
46 82 16
46 83 820
46 84 243
46 85 320
46 86 587
46 87 843
46 88 508
46 89 841
46 90 846
46 91 438
46 92 194
46 93 962
46 94 498
46 95 15
46 96 312
46 97 640
46 98 923
46 99 567
46 100 4
47 48 814
47 49 745
47 50 751
47 51 211
47 52 59
47 53 308
47 54 390
47 55 239
47 56 729
47 57 273
47 58 890
47 59 641
47 60 956
47 61 573
47 62 956
47 63 990
47 64 671
47 65 457
47 66 117
47 67 370
47 68 672
47 69 266
47 70 210
47 71 892
47 72 811
47 73 246
47 74 192
47 75 150
47 76 183
47 77 312
47 78 309
47 79 342
47 80 908
47 81 548
47 82 138
47 83 732
47 84 551
47 85 92
47 86 269
47 87 691
47 88 374
47 89 693
47 90 725
47 91 651
47 92 537
47 93 43
47 94 123
47 95 679
47 96 40
47 97 584
47 98 972
47 99 733
47 100 699
48 49 480
48 50 918
48 51 223
48 52 128
48 53 22
48 54 129
48 55 568
48 56 177
48 57 25
48 58 708
48 59 5
48 60 914
48 61 622
48 62 793
48 63 911
48 64 618
48 65 615
48 66 255
48 67 754
48 68 241
48 69 101
48 70 178
48 71 745
48 72 678
48 73 706
48 74 722
48 75 948
48 76 412
48 77 558
48 78 236
48 79 435
48 80 450
48 81 328
48 82 524
48 83 193
48 84 30
48 85 825
48 86 502
48 87 791
48 88 575
48 89 81
48 90 895
48 91 216
48 92 757
48 93 872
48 94 533
48 95 222
48 96 740
48 97 174
48 98 22
48 99 440
48 100 733
49 50 657
49 51 289
49 52 113
49 53 228
49 54 187
49 55 29
49 56 922
49 57 474
49 58 928
49 59 238
49 60 856
49 61 375
49 62 388
49 63 806
49 64 683
49 65 775
49 66 499
49 67 672
49 68 208
49 69 285
49 70 400
49 71 614
49 72 613
49 73 107
49 74 202
49 75 364
49 76 331
49 77 103
49 78 96
49 79 843
49 80 485
49 81 993
49 82 757
49 83 793
49 84 815
49 85 610
49 86 773
49 87 804
49 88 913
49 89 598
49 90 123
49 91 459
49 92 679
49 93 105
49 94 845
49 95 953
49 96 55
49 97 652
49 98 912
49 99 566
49 100 512
50 51 579
50 52 846
50 53 577
50 54 407
50 55 916
50 56 139
50 57 861
50 58 571
50 59 886
50 60 193
50 61 999
50 62 630
50 63 6
50 64 617
50 65 59
50 66 708
50 67 676
50 68 308
50 69 436
50 70 756
50 71 599
50 72 49
50 73 565
50 74 630
50 75 833
50 76 369
50 77 387
50 78 642
50 79 733
50 80 190
50 81 82
50 82 552
50 83 337
50 84 504
50 85 18
50 86 373
50 87 629
50 88 789
50 89 450
50 90 146
50 91 826
50 92 265
50 93 295
50 94 46
50 95 156
50 96 386
50 97 781
50 98 459
50 99 903
50 100 551
51 52 560
51 53 239
51 54 447
51 55 349
51 56 143
51 57 402
51 58 170
51 59 766
51 60 926
51 61 902
51 62 357
51 63 155
51 64 138
51 65 2
51 66 359
51 67 728
51 68 343
51 69 349
51 70 488
51 71 991
51 72 485
51 73 791
51 74 114
51 75 467
51 76 639
51 77 65
51 78 687
51 79 95
51 80 483
51 81 335
51 82 839
51 83 774
51 84 913
51 85 421
51 86 58
51 87 606
51 88 700
51 89 887
51 90 655
51 91 989
51 92 886
51 93 779
51 94 555
51 95 82
51 96 307
51 97 579
51 98 520
51 99 144
51 100 872
52 53 583
52 54 969
52 55 360
52 56 553
52 57 429
52 58 248
52 59 575
52 60 943
52 61 864
52 62 445
52 63 875
52 64 754
52 65 960
52 66 220
52 67 328
52 68 600
52 69 224
52 70 355
52 71 242
52 72 120
52 73 257
52 74 217
52 75 581
52 76 984
52 77 859
52 78 904
52 79 474
52 80 596
52 81 568
52 82 597
52 83 407
52 84 749
52 85 404
52 86 231
52 87 10
52 88 851
52 89 844
52 90 961
52 91 912
52 92 433
52 93 874
52 94 778
52 95 265
52 96 132
52 97 217
52 98 111
52 99 901
52 100 745
53 54 230
53 55 339
53 56 355
53 57 654
53 58 38
53 59 162
53 60 631
53 61 362
53 62 27
53 63 917
53 64 225
53 65 410
53 66 711
53 67 824
53 68 23
53 69 367
53 70 296
53 71 6
53 72 596
53 73 195
53 74 937
53 75 374
53 76 999
53 77 657
53 78 600
53 79 247
53 80 804
53 81 978
53 82 95
53 83 410
53 84 401
53 85 575
53 86 181
53 87 618
53 88 784
53 89 668
53 90 780
53 91 554
53 92 931
53 93 481
53 94 283
53 95 807
53 96 801
53 97 334
53 98 925
53 99 835
53 100 928
54 55 211
54 56 985
54 57 817
54 58 306
54 59 525
54 60 464
54 61 920
54 62 76
54 63 557
54 64 5
54 65 963
54 66 769
54 67 941
54 68 156
54 69 909
54 70 460
54 71 370
54 72 259
54 73 692
54 74 315
54 75 644
54 76 433
54 77 497
54 78 249
54 79 844
54 80 833
54 81 694
54 82 325
54 83 486
54 84 538
54 85 272
54 86 947
54 87 590
54 88 178
54 89 190
54 90 756
54 91 686
54 92 914
54 93 285
54 94 415
54 95 62
54 96 895
54 97 598
54 98 919
54 99 674
54 100 436
55 56 443
55 57 135
55 58 595
55 59 285
55 60 702
55 61 137
55 62 490
55 63 920
55 64 208
55 65 569
55 66 63
55 67 403
55 68 378
55 69 166
55 70 597
55 71 14
55 72 247
55 73 172
55 74 716
55 75 4
55 76 690
55 77 619
55 78 146
55 79 263
55 80 821
55 81 221
55 82 88
55 83 566
55 84 701
55 85 827
55 86 686
55 87 914
55 88 961
55 89 738
55 90 644
55 91 153
55 92 776
55 93 921
55 94 584
55 95 480
55 96 936
55 97 260
55 98 70
55 99 910
55 100 976
56 57 854
56 58 868
56 59 731
56 60 144
56 61 939
56 62 479
56 63 856
56 64 487
56 65 868
56 66 675
56 67 942
56 68 217
56 69 743
56 70 158
56 71 190
56 72 846
56 73 924
56 74 241
56 75 613
56 76 827
56 77 118
56 78 952
56 79 231
56 80 368
56 81 515
56 82 916
56 83 425
56 84 541
56 85 25
56 86 53
56 87 520
56 88 367
56 89 462
56 90 616
56 91 168
56 92 110
56 93 144
56 94 895
56 95 375
56 96 696
56 97 885
56 98 62
56 99 973
56 100 471
57 58 202
57 59 531
57 60 407
57 61 502
57 62 340
57 63 652
57 64 751
57 65 642
57 66 37
57 67 584
57 68 808
57 69 515
57 70 233
57 71 674
57 72 177
57 73 288
57 74 474
57 75 764
57 76 463
57 77 725
57 78 580
57 79 166
57 80 959
57 81 501
57 82 23
57 83 913
57 84 232
57 85 174
57 86 699
57 87 770
57 88 890
57 89 903
57 90 11
57 91 460
57 92 906
57 93 976
57 94 72
57 95 989
57 96 462
57 97 379
57 98 763
57 99 56
57 100 175
58 59 682
58 60 517
58 61 124
58 62 486
58 63 258
58 64 938
58 65 845
58 66 483
58 67 212
58 68 404
58 69 993
58 70 217
58 71 839
58 72 217
58 73 594
58 74 598
58 75 504
58 76 414
58 77 157
58 78 604
58 79 186
58 80 285
58 81 25
58 82 206
58 83 429
58 84 146
58 85 461
58 86 525
58 87 211
58 88 951
58 89 907
58 90 834
58 91 747
58 92 13
58 93 991
58 94 260
58 95 676
58 96 494
58 97 136
58 98 14
58 99 272
58 100 456
59 60 734
59 61 854
59 62 663
59 63 573
59 64 890
59 65 263
59 66 306
59 67 291
59 68 761
59 69 480
59 70 960
59 71 893
59 72 770
59 73 647
59 74 428
59 75 280
59 76 728
59 77 237
59 78 182
59 79 58
59 80 219
59 81 589
59 82 405
59 83 640
59 84 236
59 85 358
59 86 64
59 87 871
59 88 294
59 89 524
59 90 752
59 91 423
59 92 965
59 93 494
59 94 63
59 95 844
59 96 998
59 97 735
59 98 845
59 99 824
59 100 269
60 61 799
60 62 835
60 63 295
60 64 728
60 65 690
60 66 590
60 67 601
60 68 708
60 69 544
60 70 162
60 71 158
60 72 842
60 73 194
60 74 25
60 75 835
60 76 72
60 77 673
60 78 706
60 79 690
60 80 560
60 81 77
60 82 685
60 83 730
60 84 500
60 85 707
60 86 102
60 87 441
60 88 363
60 89 443
60 90 320
60 91 940
60 92 628
60 93 916
60 94 80
60 95 948
60 96 577
60 97 280
60 98 571
60 99 479
60 100 205
61 62 107
61 63 541
61 64 160
61 65 279
61 66 639
61 67 680
61 68 598
61 69 480
61 70 498
61 71 76
61 72 737
61 73 571
61 74 116
61 75 1
61 76 805
61 77 505
61 78 60
61 79 967
61 80 886
61 81 791
61 82 504
61 83 391
61 84 13
61 85 37
61 86 826
61 87 975
61 88 235
61 89 505
61 90 563
61 91 389
61 92 215
61 93 291
61 94 308
61 95 158
61 96 861
61 97 361
61 98 140
61 99 635
61 100 607
62 63 667
62 64 777
62 65 97
62 66 286
62 67 643
62 68 272
62 69 122
62 70 333
62 71 946
62 72 175
62 73 516
62 74 675
62 75 595
62 76 622
62 77 625
62 78 991
62 79 872
62 80 953
62 81 855
62 82 391
62 83 820
62 84 750
62 85 729
62 86 487
62 87 359
62 88 152
62 89 303
62 90 108
62 91 605
62 92 459
62 93 803
62 94 6
62 95 679
62 96 174
62 97 199
62 98 568
62 99 652
62 100 207
63 64 481
63 65 353
63 66 334
63 67 90
63 68 335
63 69 580
63 70 788
63 71 621
63 72 819
63 73 129
63 74 225
63 75 412
63 76 387
63 77 839
63 78 783
63 79 267
63 80 72
63 81 92
63 82 978
63 83 928
63 84 777
63 85 559
63 86 125
63 87 496
63 88 299
63 89 18
63 90 836
63 91 358
63 92 53
63 93 521
63 94 222
63 95 174
63 96 468
63 97 762
63 98 25
63 99 264
63 100 881
64 65 251
64 66 140
64 67 254
64 68 511
64 69 761
64 70 233
64 71 626
64 72 189
64 73 813
64 74 121
64 75 459
64 76 114
64 77 736
64 78 583
64 79 86
64 80 902
64 81 318
64 82 983
64 83 71
64 84 360
64 85 714
64 86 865
64 87 914
64 88 715
64 89 986
64 90 423
64 91 175
64 92 367
64 93 61
64 94 441
64 95 231
64 96 524
64 97 251
64 98 479
64 99 712
64 100 874
65 66 153
65 67 842
65 68 280
65 69 146
65 70 240
65 71 771
65 72 378
65 73 607
65 74 425
65 75 750
65 76 474
65 77 628
65 78 241
65 79 606
65 80 250
65 81 31
65 82 302
65 83 720
65 84 864
65 85 697
65 86 689
65 87 678
65 88 13
65 89 886
65 90 722
65 91 201
65 92 515
65 93 88
65 94 828
65 95 148
65 96 82
65 97 535
65 98 178
65 99 54
65 100 774
66 67 585
66 68 324
66 69 775
66 70 659
66 71 517
66 72 662
66 73 408
66 74 398
66 75 231
66 76 948
66 77 990
66 78 312
66 79 255
66 80 796
66 81 420
66 82 159
66 83 664
66 84 898
66 85 401
66 86 332
66 87 719
66 88 883
66 89 862
66 90 409
66 91 885
66 92 18
66 93 477
66 94 342
66 95 552
66 96 813
66 97 236
66 98 83
66 99 844
66 100 296
67 68 811
67 69 855
67 70 13
67 71 777
67 72 948
67 73 698
67 74 385
67 75 264
67 76 664
67 77 164
67 78 22
67 79 237
67 80 147
67 81 152
67 82 502
67 83 491
67 84 418
67 85 304
67 86 933
67 87 662
67 88 811
67 89 56
67 90 523
67 91 843
67 92 238
67 93 919
67 94 699
67 95 882
67 96 192
67 97 208
67 98 632
67 99 251
67 100 755
68 69 390
68 70 501
68 71 928
68 72 482
68 73 760
68 74 60
68 75 521
68 76 168
68 77 383
68 78 266
68 79 59
68 80 321
68 81 183
68 82 293
68 83 181
68 84 694
68 85 767
68 86 651
68 87 29
68 88 388
68 89 866
68 90 527
68 91 436
68 92 365
68 93 366
68 94 352
68 95 425
68 96 85
68 97 423
68 98 135
68 99 34
68 100 227
69 70 871
69 71 525
69 72 388
69 73 919
69 74 886
69 75 397
69 76 381
69 77 946
69 78 252
69 79 620
69 80 915
69 81 303
69 82 392
69 83 749
69 84 527
69 85 378
69 86 718
69 87 418
69 88 951
69 89 784
69 90 40
69 91 926
69 92 430
69 93 661
69 94 126
69 95 553
69 96 182
69 97 793
69 98 935
69 99 317
69 100 26
70 71 120
70 72 807
70 73 723
70 74 509
70 75 624
70 76 378
70 77 988
70 78 528
70 79 352
70 80 945
70 81 108
70 82 667
70 83 943
70 84 136
70 85 916
70 86 16
70 87 344
70 88 998
70 89 541
70 90 944
70 91 440
70 92 695
70 93 426
70 94 917
70 95 36
70 96 221
70 97 45
70 98 784
70 99 606
70 100 276
71 72 442
71 73 980
71 74 920
71 75 421
71 76 616
71 77 664
71 78 613
71 79 365
71 80 880
71 81 292
71 82 230
71 83 265
71 84 742
71 85 337
71 86 834
71 87 677
71 88 21
71 89 981
71 90 70
71 91 197
71 92 803
71 93 206
71 94 995
71 95 35
71 96 722
71 97 288
71 98 991
71 99 131
71 100 578
72 73 680
72 74 420
72 75 779
72 76 606
72 77 156
72 78 985
72 79 562
72 80 957
72 81 303
72 82 636
72 83 503
72 84 102
72 85 11
72 86 905
72 87 409
72 88 279
72 89 692
72 90 41
72 91 735
72 92 132
72 93 907
72 94 975
72 95 318
72 96 814
72 97 633
72 98 281
72 99 743
72 100 473
73 74 455
73 75 484
73 76 244
73 77 350
73 78 615
73 79 750
73 80 366
73 81 256
73 82 284
73 83 762
73 84 634
73 85 236
73 86 857
73 87 379
73 88 92
73 89 413
73 90 885
73 91 618
73 92 717
73 93 18
73 94 141
73 95 3
73 96 769
73 97 810
73 98 391
73 99 927
73 100 533
74 75 410
74 76 527
74 77 665
74 78 217
74 79 625
74 80 398
74 81 971
74 82 574
74 83 970
74 84 8
74 85 757
74 86 459
74 87 945
74 88 251
74 89 963
74 90 401
74 91 53
74 92 77
74 93 252
74 94 597
74 95 905
74 96 612
74 97 360
74 98 830
74 99 970
74 100 446
75 76 221
75 77 264
75 78 699
75 79 847
75 80 647
75 81 708
75 82 40
75 83 289
75 84 74
75 85 148
75 86 716
75 87 813
75 88 985
75 89 990
75 90 451
75 91 910
75 92 780
75 93 121
75 94 131
75 95 119
75 96 439
75 97 416
75 98 762
75 99 189
75 100 440
76 77 521
76 78 908
76 79 373
76 80 430
76 81 171
76 82 279
76 83 407
76 84 300
76 85 904
76 86 539
76 87 610
76 88 916
76 89 405
76 90 415
76 91 469
76 92 11
76 93 412
76 94 903
76 95 928
76 96 814
76 97 527
76 98 822
76 99 716
76 100 805
77 78 682
77 79 233
77 80 27
77 81 431
77 82 257
77 83 133
77 84 707
77 85 662
77 86 842
77 87 340
77 88 725
77 89 818
77 90 664
77 91 872
77 92 4
77 93 822
77 94 427
77 95 617
77 96 701
77 97 198
77 98 490
77 99 630
77 100 194
78 79 449
78 80 91
78 81 967
78 82 503
78 83 81
78 84 578
78 85 218
78 86 502
78 87 341
78 88 302
78 89 126
78 90 860
78 91 405
78 92 230
78 93 144
78 94 29
78 95 919
78 96 578
78 97 312
78 98 3
78 99 972
78 100 800
79 80 806
79 81 68
79 82 351
79 83 969
79 84 610
79 85 499
79 86 435
79 87 573
79 88 866
79 89 195
79 90 908
79 91 400
79 92 635
79 93 688
79 94 399
79 95 148
79 96 907
79 97 699
79 98 427
79 99 317
79 100 248
80 81 821
80 82 20
80 83 605
80 84 598
80 85 226
80 86 884
80 87 807
80 88 601
80 89 859
80 90 70
80 91 888
80 92 984
80 93 416
80 94 629
80 95 884
80 96 886
80 97 797
80 98 122
80 99 945
80 100 578
81 82 267
81 83 722
81 84 633
81 85 263
81 86 127
81 87 819
81 88 88
81 89 783
81 90 922
81 91 178
81 92 5
81 93 986
81 94 388
81 95 789
81 96 4
81 97 493
81 98 468
81 99 675
81 100 59
82 83 749
82 84 952
82 85 866
82 86 906
82 87 807
82 88 788
82 89 671
82 90 364
82 91 559
82 92 771
82 93 287
82 94 19
82 95 793
82 96 983
82 97 301
82 98 42
82 99 827
82 100 220
83 84 588
83 85 860
83 86 900
83 87 530
83 88 632
83 89 203
83 90 448
83 91 880
83 92 628
83 93 156
83 94 888
83 95 549
83 96 356
83 97 614
83 98 343
83 99 539
83 100 729
84 85 371
84 86 493
84 87 688
84 88 549
84 89 810
84 90 879
84 91 790
84 92 172
84 93 547
84 94 804
84 95 18
84 96 205
84 97 297
84 98 167
84 99 163
84 100 648
85 86 334
85 87 681
85 88 468
85 89 911
85 90 803
85 91 532
85 92 292
85 93 122
85 94 461
85 95 678
85 96 793
85 97 468
85 98 229
85 99 642
85 100 483
86 87 197
86 88 705
86 89 799
86 90 558
86 91 956
86 92 442
86 93 503
86 94 254
86 95 426
86 96 744
86 97 924
86 98 183
86 99 973
86 100 644
87 88 875
87 89 934
87 90 751
87 91 965
87 92 588
87 93 4
87 94 31
87 95 157
87 96 375
87 97 506
87 98 160
87 99 477
87 100 314
88 89 430
88 90 799
88 91 967
88 92 127
88 93 908
88 94 850
88 95 797
88 96 374
88 97 408
88 98 232
88 99 301
88 100 639
89 90 716
89 91 438
89 92 508
89 93 750
89 94 227
89 95 874
89 96 959
89 97 956
89 98 558
89 99 352
89 100 767
90 91 383
90 92 781
90 93 350
90 94 585
90 95 644
90 96 637
90 97 357
90 98 846
90 99 506
90 100 530
91 92 21
91 93 970
91 94 66
91 95 622
91 96 195
91 97 943
91 98 199
91 99 530
91 100 220
92 93 366
92 94 622
92 95 238
92 96 434
92 97 241
92 98 727
92 99 877
92 100 644
93 94 394
93 95 310
93 96 790
93 97 91
93 98 489
93 99 421
93 100 88
94 95 575
94 96 398
94 97 907
94 98 347
94 99 630
94 100 36
95 96 296
95 97 482
95 98 239
95 99 204
95 100 316
96 97 678
96 98 554
96 99 494
96 100 488
97 98 927
97 99 934
97 100 387
98 99 280
98 100 845
99 100 924
